19
3.21
3.21
3.40
3.26
3.43
3.45
3.33
3.33
3.26
3.50
3.58
3.61
3.72
3.71
3.75
3.66
3.60
3.78
3.90
3.92
3.91
3.78
3.87
3.68
3.67
3.68
3.59
3.37
3.09
4.44
5.00
5.00
3.94
2.49
2.51
3.05
2.87
2.92
2.91
2.88
2.92
2.88
2.92
2.93
2.84
2.96
2.77
2.91
2.89
2.86
3.04
3.05
3.07
3.20
3.19
3.27
3.31
3.43
3.52
3.46
3.61
3.59
3.67
3.83
3.77
3.78
3.85
3.71
3.83
3.83
3.79
3.84
3.80
3.96
3.87
3.93
4.04
3.99
4.22
4.14
4.14
4.34
4.47
4.50
4.46
4.35
4.34
4.19
4.44
4.47
4.16
4.05
4.67
5.00
5.00
5.00
5.00
3.03
3.52
3.78
3.59
3.66
3.53
3.49
3.42
3.26
3.24
3.07
2.93
2.88
2.67
2.65
2.60
2.50
2.64
2.60
2.74
2.85
2.81
2.93
2.80
2.82
2.83
2.71
2.76
2.67
2.69
2.77
2.60
2.71
2.71
2.65
2.73
2.67
2.77
2.65
2.62
2.71
2.67
2.65
2.71
2.61
2.72
2.64
2.87
2.91
2.79
2.86
2.70
2.62
2.64
2.54
2.59
2.28
2.34
4.52
5.00
4.63
2.36
1.80
2.15
2.32
2.34
2.35
2.36
2.47
2.48
2.49
2.64
2.47
2.63
2.57
2.60
2.67
2.53
2.64
2.64
2.67
2.81
2.73
2.88
2.95
2.87
2.99
2.92
3.02
3.01
2.92
3.01
2.96
2.97
2.99
2.93
3.05
2.94
3.02
3.06
3.00
3.08
3.03
3.06
3.07
3.01
3.14
3.05
3.13
3.36
3.27
3.32
3.30
3.11
3.11
2.98
3.04
2.93
2.64
3.11
5.00
5.00
4.52
2.65
2.27
2.54
2.84
2.85
2.83
2.90
2.84
2.86
3.02
2.92
3.02
3.04
2.94
3.04
2.92
2.98
3.00
2.97
3.09
3.05
3.11
3.23
3.19
3.33
3.29
3.26
3.29
3.21
3.30
3.17
3.24
3.34
3.19
3.30
3.31
3.27
3.37
3.25
3.30
3.33
3.19
3.32
3.21
3.24
3.26
3.27
3.61
3.38
3.43
3.36
3.13
3.18
2.99
3.03
3.00
2.63
3.34
5.00
5.00
4.00
2.57
2.26
2.62
2.83
2.86
2.78
2.88
2.96
2.80
3.00
3.00
3.00
3.09
2.95
3.02
2.94
2.92
3.07
2.95
3.02
3.09
3.09
3.23
3.14
3.28
3.27
3.21
3.29
3.21
3.29
3.27
3.23
3.33
3.23
3.30
3.33
3.24
3.33
3.29
3.29
3.36
3.24
3.34
3.35
3.31
3.33
3.38
3.65
3.65
3.54
3.61
3.37
3.30
3.30
3.29
3.25
2.93
3.19
5.00
5.00
5.00
3.32
2.35
2.83
3.02
3.03
3.00
3.02
3.09
2.94
3.07
3.10
3.03
3.14
2.96
3.06
3.02
2.97
3.03
2.96
3.05
3.13
3.13
3.27
3.24
3.36
3.42
3.32
3.45
3.38
3.36
3.38
3.32
3.41
3.36
3.32
3.42
3.34
3.44
3.33
3.30
3.33
3.30
3.38
3.33
3.25
3.38
3.33
3.33
3.61
3.64
3.54
3.54
3.39
3.35
3.15
3.30
3.25
2.97
2.92
4.26
5.00
5.00
4.01
2.61
2.52
3.01
2.97
2.93
3.07
2.93
3.04
3.13
3.05
3.11
3.10
3.06
3.13
2.96
3.09
3.06
3.06
3.16
3.10
3.16
3.23
3.29
3.43
3.34
3.43
3.46
3.41
3.47
3.36
3.42
3.49
3.37
3.50
3.42
3.40
3.54
3.29
3.47
3.34
3.35
3.42
3.28
3.37
3.35
3.33
3.54
3.58
3.66
3.61
3.53
3.44
3.24
3.23
3.25
3.15
2.92
2.93
4.92
5.00
5.00
3.43
2.37
2.70
3.09
2.89
3.00
3.02
2.97
3.11
3.02
3.09
3.10
3.05
3.12
3.03
3.05
3.04
2.94
3.11
3.04
3.15
3.26
3.23
3.42
3.37
3.37
3.47
3.34
3.48
3.40
3.39
3.47
3.37
3.43
3.42
3.34
3.47
3.32
3.40
3.40
3.29
3.36
3.21
3.24
3.31
3.26
3.32
3.52
3.55
3.49
3.37
3.36
3.19
3.11
3.21
3.11
2.87
2.77
4.59
5.00
5.00
3.52
2.25
2.44
2.93
2.74
2.81
2.83
2.76
2.91
2.83
2.91
2.97
2.86
2.96
2.89
2.88
2.93
2.82
2.93
2.94
3.01
3.13
3.12
3.23
3.31
3.24
3.34
3.28
3.33
3.29
3.27
3.32
3.16
3.24
3.19
3.15
3.23
3.16
3.15
3.23
3.11
3.17
3.12
3.09
3.21
3.12
3.30
3.50
3.38
3.46
3.15
3.15
3.05
2.94
3.07
2.77
2.55
3.25
5.00
5.00
4.35
2.36
2.12
2.50
2.71
2.60
2.60
2.71
2.61
2.71
2.71
2.71
2.81
2.70
2.73
2.78
2.56
2.67
2.61
2.70
2.71
2.74
2.99
3.00
3.06
3.11
3.12
3.28
3.20
3.17
3.26
3.13
3.23
3.16
3.15
3.19
3.09
3.19
3.16
3.09
3.19
3.08
3.18
3.16
3.07
3.29
3.47
3.46
3.46
3.25
3.25
3.03
3.06
3.16
2.81
2.67
3.42
5.00
5.00
4.35
2.53
2.16
2.61
2.82
2.69
2.79
2.79
2.77
2.89
2.83
2.93
2.96
2.90
3.02
2.88
2.91
2.86
2.85
2.94
2.92
3.06
3.19
3.13
3.26
3.30
3.21
3.35
3.26
3.29
3.30
3.23
3.34
3.25
3.30
3.29
3.25
3.36
3.24
3.32
3.30
3.18
3.25
3.35
3.47
3.54
3.40
3.50
3.26
3.09
3.19
3.12
3.00
2.66
3.05
5.00
5.00
5.00
3.19
2.11
2.72
2.84
2.79
2.88
2.74
2.86
2.83
2.83
2.87
2.78
2.91
2.83
2.78
2.85
2.73
2.83
2.84
2.78
3.02
3.09
3.19
3.20
3.21
3.37
3.25
3.31
3.33
3.24
3.31
3.30
3.24
3.31
3.21
3.33
3.31
3.27
3.34
3.25
3.35
3.46
3.51
3.54
3.35
3.24
3.11
2.99
3.06
2.86
2.50
2.93
5.00
5.00
5.00
2.70
2.03
2.47
2.69
2.56
2.55
2.68
2.57
2.74
2.71
2.69
2.79
2.67
2.78
2.67
2.61
2.71
2.61
2.73
2.79
2.78
2.97
3.03
3.12
3.18
3.11
3.24
3.16
3.17
3.26
3.13
3.24
3.18
3.17
3.20
3.06
3.20
3.15
3.12
3.21
3.15
3.34
3.49
3.32
3.42
3.19
3.09
3.03
2.96
3.03
2.54
2.58
4.81
5.00
5.00
3.30
1.98
2.45
2.67
2.66
2.68
2.66
2.82
2.71
2.83
2.88
2.77
2.91
2.81
2.83
2.83
2.73
2.80
2.77
2.84
2.95
2.92
3.12
3.17
3.18
3.27
3.18
3.32
3.21
3.18
3.30
3.17
3.26
3.24
3.16
3.28
3.19
3.20
3.21
3.21
3.26
3.18
3.21
3.31
3.49
3.61
3.49
3.37
3.40
3.10
3.23
3.14
3.04
2.76
2.93
5.00
5.00
5.00
3.30
2.07
2.70
2.92
2.74
2.87
2.78
2.86
2.89
2.82
2.92
2.85
2.85
2.91
2.79
2.86
2.76
2.79
2.85
2.81
2.97
3.02
3.07
3.21
3.11
3.26
3.19
3.16
3.21
3.14
3.22
3.19
3.11
3.23
3.06
3.13
3.12
3.09
3.15
3.05
3.06
3.12
3.05
3.09
3.02
3.04
3.11
2.97
3.18
3.34
3.28
3.32
3.19
3.12
2.96
2.88
3.02
2.71
2.47
3.26
5.00
5.00
4.16
2.27
2.07
2.44
2.71
2.62
2.71
2.83
2.70
2.85
2.85
2.83
2.93
2.85
2.92
2.86
2.86
2.95
2.93
3.00
3.06
2.99
3.17
3.15
3.28
3.34
3.30
3.38
3.29
3.43
3.33
3.25
3.37
3.30
3.29
3.37
3.35
3.33
3.38
3.30
3.41
3.29
3.29
3.32
3.23
3.38
3.21
3.31
3.25
3.24
3.37
3.23
3.34
3.61
3.49
3.52
3.37
3.29
3.23
3.12
3.24
2.97
2.63
3.55
5.00
5.00
4.81
2.54
2.20
2.65
2.88
2.82
2.77
2.90
2.84
2.88
2.93
2.84
2.93
2.88
2.89
2.90
2.74
2.85
2.78
2.82
2.92
2.91
3.01
3.05
3.10
3.20
3.15
3.26
3.18
3.10
3.25
3.16
3.11
3.20
3.15
3.25
3.16
3.23
3.30
3.16
3.23
3.16
3.15
3.23
3.10
3.12
3.11
3.06
3.21
3.13
3.17
3.14
3.09
3.16
3.12
3.13
3.16
3.06
3.37
3.38
3.27
3.40
3.21
3.11
3.06
3.04
3.07
2.67
2.73
4.64
5.00
5.00
3.26
2.15
2.41
2.77
2.79
2.71
2.77
2.77
2.70
2.83
2.77
2.85
2.92
2.81
2.84
2.77
2.74
2.84
2.81
2.98
2.96
3.02
3.22
3.05
3.24
3.24
3.20
3.33
3.19
3.26
3.29
3.15
3.24
3.13
3.17
3.24
3.17
3.19
3.19
3.16
3.21
3.13
3.19
3.10
3.12
3.19
3.11
3.17
3.14
3.13
3.22
3.09
3.21
3.19
3.12
3.27
3.15
3.23
3.33
3.47
3.53
3.40
3.34
3.26
3.11
3.24
3.15
2.89
2.94
4.40
5.00
5.00
3.53
2.50
2.44
2.97
2.93
2.88
2.95
2.95
2.98
2.96
2.93
3.02
2.94
3.02
3.07
2.97
3.11
3.01
3.05
3.13
3.03
3.18
3.23
3.22
3.35
3.29
3.33
3.32
3.23
3.39
3.19
3.32
3.32
3.24
3.40
3.24
3.37
3.46
3.35
3.46
3.38
3.36
3.49
3.30
3.38
3.31
3.30
3.42
3.25
3.36
3.36
3.34
3.59
3.49
3.54
3.38
3.25
3.29
3.14
3.15
3.01
2.74
3.56
5.00
5.00
3.30
2.91
2.34
2.53
3.01
3.00
3.01
3.09
3.08
3.09
3.20
3.12
3.20
3.23
3.21
3.27
3.21
3.24
3.28
3.20
3.36
3.24
3.33
3.32
3.30
3.40
3.34
3.37
3.42
3.35
3.46
3.33
3.35
3.37
3.31
3.47
3.42
3.36
3.49
3.35
3.36
3.37
3.20
3.30
3.21
3.19
3.16
3.01
3.16
3.05
2.90
3.02
3.04
3.21
3.10
3.13
3.15
2.96
3.03
3.02
2.89
2.84
2.96
4.84
5.00
4.34
3.03
2.32
2.38
2.93
2.79
3.00
2.93
2.99
3.07
2.93
3.09
3.03
3.04
3.10
3.05
3.07
3.09
3.05
3.13
3.06
3.14
3.19
3.13
3.30
3.21
3.31
3.33
3.25
3.35
3.26
3.32
3.33
3.24
3.34
3.33
3.26
3.43
3.42
3.47
3.27
3.21
3.32
3.16
3.24
3.21
3.09
3.16
3.14
3.15
3.31
3.37
3.40
3.27
3.26
3.11
2.97
3.02
2.93
2.84
2.65
3.42
5.00
5.00
4.65
2.10
1.97
2.67
2.68
2.67
2.80
2.67
2.80
2.77
2.71
2.91
2.73
2.86
2.86
2.70
2.83
2.73
2.79
2.86
2.83
3.00
3.01
3.02
3.19
3.10
3.19
3.17
3.20
3.30
3.13
3.29
3.19
3.14
3.24
3.18
3.24
3.27
3.18
3.32
3.20
3.24
3.25
3.17
3.30
3.16
3.19
3.24
3.17
3.36
3.56
3.51
3.60
3.49
3.46
3.23
3.17
3.25
3.11
2.90
2.83
4.88
5.00
5.00
3.54
2.03
2.53
2.97
2.84
2.91
2.97
2.88
3.07
3.03
2.90
3.04
2.92
3.00
2.93
2.86
2.99
2.80
2.92
2.91
3.00
3.15
3.06
3.19
3.24
3.20
3.35
3.20
3.25
3.27
3.17
3.29
3.20
3.21
3.25
3.12
3.25
3.31
3.11
3.26
3.13
3.23
3.19
3.14
3.24
3.11
3.24
3.18
3.17
3.44
3.34
3.47
3.44
3.28
3.25
3.02
3.00
3.07
2.88
2.65
3.14
5.00
5.00
4.87
2.46
2.03
2.58
2.87
2.69
2.81
2.73
2.74
2.87
2.74
2.84
2.88
2.87
2.97
2.76
2.84
2.89
2.79
2.92
2.92
2.97
3.12
3.11
3.30
3.15
3.29
3.36
3.23
3.29
3.26
3.21
3.32
3.17
3.24
3.29
3.25
3.29
3.19
3.29
3.25
3.15
3.29
3.14
3.15
3.23
3.07
3.23
3.18
3.17
3.19
3.15
3.60
3.52
3.38
3.52
3.21
3.17
3.18
3.05
3.07
2.64
3.07
5.00
5.00
5.00
2.81
2.03
2.55
2.71
2.79
2.74
2.74
2.82
2.72
2.83
2.78
2.82
2.91
2.81
2.77
2.73
2.71
2.79
2.73
2.83
2.93
2.87
3.14
3.11
3.24
3.21
3.18
3.30
3.20
3.25
3.26
3.18
3.27
3.20
3.25
3.34
3.19
3.24
3.31
3.24
3.37
3.20
3.33
3.33
3.20
3.26
3.18
3.23
3.25
3.21
3.54
3.55
3.47
3.52
3.30
3.18
3.06
3.07
3.14
2.77
2.85
4.58
5.00
5.00
3.35
2.32
2.42
2.86
2.94
2.81
2.88
2.87
2.85
2.88
2.85
2.92
2.97
2.91
3.10
2.91
2.87
2.93
2.90
2.99
3.00
3.02
3.21
3.18
3.29
3.31
3.32
3.37
3.30
3.34
3.30
3.24
3.35
3.23
3.29
3.32
3.21
3.32
3.24
3.30
3.23
3.14
3.29
3.23
3.28
3.30
3.23
3.33
3.30
3.53
3.70
3.46
3.56
3.42
3.16
3.24
3.12
3.14
2.81
2.76
4.79
5.00
5.00
3.50
2.12
2.50
2.86
2.80
2.93
2.79
2.93
2.88
2.79
2.93
2.80
2.91
2.91
2.80
2.97
2.76
2.84
2.92
2.81
3.02
3.05
3.17
3.30
3.25
3.46
3.35
3.38
3.43
3.29
3.44
3.30
3.30
3.44
3.31
3.44
3.46
3.32
3.44
3.26
3.37
3.33
3.24
3.37
3.20
3.32
3.40
3.41
3.67
3.48
3.55
3.39
3.16
3.13
3.11
3.13
2.87
2.59
3.98
5.00
5.00
4.23
2.22
2.32
2.81
2.76
2.83
2.78
2.89
2.89
2.93
3.02
2.96
3.00
3.00
2.90
2.89
2.82
2.83
2.85
2.77
2.92
2.90
3.06
3.21
3.21
3.31
3.25
3.32
3.40
3.25
3.35
3.32
3.25
3.33
3.23
3.35
3.38
3.29
3.36
3.24
3.30
3.35
3.39
3.52
3.45
3.64
3.89
3.68
3.81
3.63
3.37
3.34
3.14
3.21
3.04
2.61
3.20
5.00
5.00
5.00
2.77
2.18
2.59
2.88
2.86
2.84
3.03
2.98
2.96
3.02
2.91
3.07
2.97
2.99
3.07
2.91
2.99
2.93
2.91
3.05
2.98
3.18
3.22
3.25
3.39
3.30
3.33
3.35
3.32
3.40
3.31
3.33
3.36
3.29
3.37
3.35
3.38
3.38
3.21
3.33
3.32
3.30
3.44
3.47
3.65
3.66
3.65
3.54
3.28
3.35
3.21
3.15
2.99
2.79
4.28
5.00
5.00
3.88
2.63
2.47
3.10
3.03
3.15
3.15
3.17
3.25
3.15
3.34
3.27
3.30
3.32
3.20
3.25
3.19
3.15
3.25
3.18
3.35
3.42
3.43
3.55
3.46
3.51
3.52
3.40
3.49
3.35
3.38
3.45
3.33
3.52
3.45
3.35
3.52
3.37
3.45
3.49
3.53
3.73
3.62
3.68
3.54
3.24
3.21
3.13
3.14
2.98
2.73
3.55
5.00
5.00
3.74
2.91
2.34
2.44
2.84
2.85
2.76
2.94
2.91
2.91
3.01
3.00
3.03
3.03
2.92
3.02
2.88
2.92
2.92
2.79
3.02
2.94
3.01
3.16
3.04
3.18
3.16
3.15
3.23
3.07
3.18
3.17
3.06
3.15
3.05
3.15
3.12
3.05
3.18
3.07
3.19
3.35
3.37
3.49
3.29
3.11
3.07
2.87
2.94
2.84
2.48
2.53
4.41
5.00
5.00
3.13
1.95
2.13
2.67
2.60
2.58
2.73
2.66
2.69
2.74
2.64
2.82
2.71
2.83
2.83
2.73
2.79
2.73
2.83
2.91
2.89
3.03
3.01
3.11
3.21
3.11
3.21
3.17
3.18
3.30
3.07
3.20
3.13
3.14
3.23
3.09
3.14
3.16
3.10
3.26
3.18
3.33
3.42
3.44
3.52
3.20
3.05
3.07
2.93
3.02
2.67
2.44
4.17
5.00
5.00
4.36
1.84
2.23
2.62
2.67
2.65
2.67
2.77
2.68
2.73
2.83
2.74
2.86
2.75
2.74
2.74
2.67
2.76
2.81
2.82
2.97
2.96
3.18
3.18
3.17
3.32
3.24
3.33
3.30
3.26
3.30
3.13
3.26
3.23
3.15
3.27
3.18
3.25
3.31
3.07
3.25
3.15
3.13
3.15
3.06
3.17
3.14
3.09
3.20
3.25
3.52
3.35
3.35
3.36
3.07
3.13
3.11
3.02
2.92
2.60
4.10
5.00
5.00
4.32
2.09
2.30
2.83
2.74
2.82
2.80
2.82
2.88
2.79
2.93
2.93
2.86
2.97
2.83
2.89
2.84
2.79
2.99
2.85
3.00
3.09
3.14
3.17
3.16
3.15
3.26
3.15
3.27
3.19
3.14
3.26
3.09
3.17
3.14
3.13
3.18
3.13
3.17
3.23
3.11
3.30
3.12
3.19
3.19
3.15
3.25
3.16
3.18
3.23
3.19
3.30
3.19
3.21
3.30
3.15
3.34
3.54
3.52
3.51
3.44
3.39
3.17
3.18
3.25
3.00
2.74
3.33
5.00
5.00
5.00
2.81
2.26
2.77
2.96
2.80
2.86
2.98
2.90
2.97
2.97
2.93
3.08
3.00
3.11
3.03
2.97
3.14
3.03
3.12
3.17
3.19
3.25
3.25
3.34
3.39
3.33
3.52
3.45
3.47
3.49
3.37
3.52
3.35
3.39
3.48
3.34
3.48
3.39
3.44
3.57
3.33
3.43
3.46
3.35
3.44
3.36
3.44
3.37
3.34
3.45
3.35
3.33
3.46
3.37
3.47
3.37
3.38
3.49
3.40
3.55
3.43
3.38
3.50
3.33
3.40
3.53
3.56
3.64
3.48
3.44
3.35
3.17
3.29
3.20
2.97
3.02
4.33
5.00
5.00
3.51
2.58
2.38
3.05
2.93
2.92
3.04
2.96
3.00
3.00
3.04
3.11
3.04
3.00
3.11
3.06
3.09
3.10
3.06
3.15
3.14
3.30
3.24
3.24
3.32
3.26
3.38
3.39
3.34
3.26
3.24
3.34
3.29
3.25
3.37
3.24
3.34
3.38
3.19
3.47
3.35
3.37
3.44
3.25
3.46
3.37
3.32
3.42
3.26
3.33
3.25
3.26
3.33
3.14
3.24
3.20
3.24
3.32
3.37
3.54
3.64
3.62
3.62
3.29
3.32
3.32
3.31
3.25
3.00
3.68
5.00
5.00
3.94
2.89
2.43
2.82
2.94
3.00
2.94
2.93
3.13
2.99
3.10
3.05
3.02
3.11
3.07
3.08
3.15
2.94
3.11
3.00
3.12
3.05
2.97
3.07
3.01
3.09
3.06
3.05
3.17
3.07
3.12
3.24
3.05
3.10
3.18
3.20
3.48
2.98
3.18
3.19
3.13
3.31
3.18
3.19
3.20
3.13
3.25
3.26
3.10
3.19
3.15
3.34
3.25
3.24
3.44
3.47
3.59
3.46
3.21
3.15
3.00
3.11
2.91
2.67
3.14
5.00
5.00
3.96
2.78
2.29
2.48
2.83
2.71
2.58
2.67
2.58
2.74
2.79
2.71
2.86
2.78
2.88
2.94
2.81
2.87
2.95
2.86
3.04
2.91
2.99
3.04
2.97
3.10
2.97
3.09
3.03
3.06
3.13
2.94
3.11
3.19
3.05
3.21
3.12
3.13
3.21
3.11
3.34
3.29
3.11
3.27
3.11
3.20
3.11
3.04
3.15
3.04
3.12
3.11
3.06
3.19
3.14
3.18
3.12
3.06
3.24
3.16
3.24
3.32
3.42
3.49
3.23
3.11
3.06
2.90
3.00
2.82
2.54
3.12
5.00
5.00
4.14
2.43
2.15
2.43
2.71
2.69
2.62
2.74
2.74
2.73
2.87
2.74
2.92
2.78
2.85
2.94
2.78
2.93
2.93
2.91
3.06
2.97
3.10
3.14
3.03
3.26
3.16
3.18
3.25
3.15
3.30
3.18
3.12
3.19
3.12
3.29
3.15
3.25
3.33
3.13
3.31
3.19
3.15
3.24
3.07
3.19
3.13
3.11
3.14
3.02
3.15
3.07
3.02
3.13
2.97
3.07
3.19
3.00
3.14
3.01
3.12
3.19
3.20
3.37
3.32
3.13
3.11
2.88
2.99
2.90
2.71
2.53
3.33
5.00
5.00
4.41
2.10
2.02
2.64
2.62
2.60
2.74
2.68
2.73
2.79
2.72
2.85
2.78
2.91
2.89
2.78
2.94
2.86
2.84
3.00
2.93
3.09
3.09
3.06
3.24
3.08
3.17
3.17
3.06
3.24
3.07
3.11
3.17
3.02
3.18
3.03
3.17
3.17
3.11
3.20
3.13
3.12
3.24
3.13
3.19
3.13
3.11
3.23
3.10
3.14
3.14
3.11
3.19
3.13
3.20
3.26
3.11
3.28
3.18
3.18
3.24
3.07
3.28
3.17
3.21
3.31
3.30
3.57
3.50
3.47
3.38
3.17
3.19
3.09
3.10
2.88
2.70
4.63
5.00
5.00
4.45
2.05
2.48
2.97
2.77
2.95
2.88
2.88
2.99
2.93
3.12
3.01
3.00
3.10
2.99
3.07
3.05
2.93
3.07
2.97
3.13
3.21
3.11
3.26
3.18
3.26
3.28
3.19
3.35
3.19
3.30
3.28
3.14
3.32
3.29
3.19
3.29
3.18
3.30
3.29
3.26
3.37
3.27
3.32
3.30
3.23
3.36
3.22
3.21
3.24
3.12
3.26
3.07
3.19
3.24
3.13
3.23
3.18
3.18
3.26
3.11
3.28
3.19
3.16
3.33
3.52
3.50
3.40
3.23
3.21
3.11
3.14
3.06
2.62
3.05
5.00
5.00
5.00
2.78
2.27
2.54
2.80
2.76
2.77
2.88
2.81
2.83
3.02
2.88
2.96
2.97
2.91
2.97
2.89
2.95
3.03
2.99
3.13
3.12
3.27
3.24
3.25
3.37
3.29
3.31
3.37
3.28
3.35
3.27
3.25
3.33
3.17
3.32
3.24
3.19
3.38
3.16
3.27
3.30
3.21
3.25
3.15
3.16
3.19
3.12
3.20
3.13
3.16
3.19
3.09
3.33
3.29
3.37
3.54
3.37
3.49
3.17
3.10
3.12
2.97
3.01
2.73
2.78
4.41
5.00
4.81
2.92
2.34
2.33
2.68
2.83
2.82
2.73
2.97
2.79
2.84
2.97
2.80
2.99
2.92
2.89
2.99
2.92
3.00
2.96
2.88
3.09
2.94
3.00
3.06
3.04
3.12
3.07
3.12
3.15
3.07
3.15
3.07
3.04
3.14
3.07
3.15
3.09
3.09
3.16
3.11
3.19
3.12
3.12
3.23
3.12
3.12
3.06
3.02
3.18
3.03
3.12
3.13
3.05
3.22
3.13
3.25
3.34
3.32
3.56
3.46
3.25
3.16
2.97
3.06
3.04
2.77
2.56
3.31
5.00
5.00
4.34
2.33
1.96
2.55
2.61
2.53
2.73
2.53
2.66
2.71
2.66
2.78
2.71
2.83
2.86
2.74
2.96
2.84
2.84
2.92
2.85
2.98
2.96
2.97
3.11
3.05
3.30
3.25
3.15
3.30
3.19
3.22
3.24
3.12
3.22
3.14
3.03
3.31
3.12
3.35
3.08
3.14
3.21
3.10
3.19
3.13
3.01
3.15
3.13
3.28
3.19
3.25
3.33
3.27
3.50
3.64
3.48
3.47
3.20
3.17
3.27
2.98
3.05
2.60
3.11
5.00
5.00
5.00
2.89
1.97
2.72
2.69
2.73
2.81
2.71
2.93
2.71
2.83
2.89
2.80
2.96
2.83
2.91
2.85
2.72
2.93
2.86
2.91
3.00
2.97
3.11
3.07
3.13
3.23
3.17
3.19
3.19
3.15
3.25
3.14
3.24
3.21
3.11
3.29
3.21
3.24
3.24
3.21
3.28
3.15
3.13
3.18
3.04
3.15
3.10
3.07
3.19
3.16
3.15
3.19
3.20
3.43
3.48
3.54
3.46
3.18
3.18
3.07
3.13
3.11
2.63
2.84
4.91
5.00
5.00
3.44
2.15
2.58
2.85
2.88
2.79
2.93
2.91
2.89
3.02
2.93
3.03
3.05
3.01
3.11
3.06
3.03
3.13
3.06
3.28
3.18
3.27
3.36
3.29
3.48
3.44
3.44
3.56
3.48
3.55
3.52
3.43
3.54
3.43
3.53
3.54
3.44
3.59
3.44
3.50
3.48
3.37
3.50
3.34
3.37
3.40
3.30
3.47
3.38
3.54
3.73
3.57
3.71
3.46
3.23
3.32
3.17
3.29
3.07
2.79
3.68
5.00
5.00
3.82
2.76
2.38
2.71
2.91
2.93
2.92
3.05
2.96
3.02
3.15
3.02
3.17
3.09
3.12
3.18
3.02
3.14
3.13
3.11
3.29
3.12
3.24
3.23
3.18
3.34
3.25
3.30
3.26
3.23
3.26
3.24
3.27
3.33
3.22
3.38
3.31
3.29
3.38
3.31
3.37
3.29
3.25
3.36
3.17
3.30
3.36
3.39
3.60
3.47
3.53
3.28
3.07
3.16
3.06
3.12
2.92
2.78
4.10
5.00
5.00
3.09
2.56
2.25
2.71
2.77
2.95
2.80
2.93
2.99
2.93
3.06
2.91
3.03
3.03
2.93
3.07
2.97
2.95
3.05
2.92
3.10
2.97
3.05
3.05
3.06
3.20
3.18
3.18
3.28
3.07
3.20
3.13
3.09
3.12
3.10
3.21
3.20
3.03
3.15
3.06
3.07
3.13
2.98
3.07
3.02
3.09
3.12
3.14
3.43
3.29
3.26
3.15
2.88
2.94
2.94
2.83
2.74
2.49
3.35
5.00
5.00
3.30
2.44
1.94
2.46
2.59
2.62
2.51
2.64
2.64
2.60
2.75
2.64
2.70
2.78
2.72
2.80
2.78
2.77
2.86
2.74
2.86
2.93
2.88
3.04
3.00
3.02
3.05
2.96
3.11
3.04
3.02
3.08
2.94
3.03
2.98
3.00
3.03
2.92
3.06
3.00
2.93
3.06
2.95
3.00
2.99
2.90
3.10
2.98
3.13
3.29
3.12
3.26
2.97
2.90
2.89
2.76
2.92
2.62
2.48
3.64
5.00
5.00
3.43
2.15
2.09
2.48
2.58
2.58
2.52
2.68
2.61
2.71
2.79
2.74
2.86
2.79
2.79
2.87
2.74
2.88
2.81
2.80
2.99
2.92
3.09
3.13
3.15
3.28
3.12
3.19
3.19
3.13
3.26
3.15
3.15
3.22
3.09
3.23
3.18
3.18
3.28
3.19
3.30
3.13
3.18
3.15
3.07
3.16
3.12
3.13
3.32
3.31
3.51
3.42
3.21
3.18
2.99
3.02
3.00
2.88
2.71
3.02
5.00
5.00
4.90
2.70
1.99
2.49
2.73
2.55
2.71
2.71
2.68
2.79
2.67
2.77
2.81
2.81
2.92
2.72
2.79
2.88
2.79
2.95
2.88
2.96
3.07
3.06
3.18
3.16
3.18
3.24
3.16
3.19
3.21
3.12
3.21
3.12
3.21
3.17
3.13
3.26
3.12
3.23
3.21
3.11
3.20
3.09
3.09
3.22
3.05
3.19
3.11
3.11
3.21
3.24
3.49
3.35
3.33
3.31
3.01
3.11
3.11
3.05
2.98
2.59
3.89
5.00
5.00
4.23
2.30
2.32
2.82
2.79
2.85
2.88
2.88
2.91
2.85
3.03
2.98
2.96
3.01
2.88
3.02
2.95
2.89
3.03
2.91
3.05
3.06
3.11
3.25
3.15
3.23
3.27
3.15
3.32
3.18
3.12
3.19
3.11
3.19
3.15
3.13
3.23
3.12
3.19
3.24
3.17
3.20
3.16
3.23
3.24
3.13
3.31
3.18
3.21
3.29
3.32
3.57
3.42
3.35
3.41
3.15
3.15
3.05
3.07
3.07
2.63
2.93
5.00
5.00
5.00
2.70
2.15
2.43
2.64
2.73
2.66
2.70
2.82
2.79
2.83
2.76
2.78
2.84
2.73
2.84
2.77
2.72
2.94
2.82
2.93
2.91
2.95
3.12
2.99
3.10
3.15
3.01
3.24
3.04
3.17
3.11
3.03
3.19
3.07
3.09
3.12
3.00
3.21
3.16
3.15
3.20
3.00
3.07
3.03
2.97
3.09
2.93
3.00
3.04
2.94
3.19
3.25
3.12
3.20
2.97
2.92
2.74
2.77
2.86
2.59
2.49
3.11
5.00
5.00
3.53
2.53
1.95
2.37
2.70
2.42
2.56
2.60
2.57
2.63
2.55
2.65
2.67
2.57
2.72
2.59
2.65
2.64
2.71
2.74
2.71
2.79
2.78
2.71
2.86
2.88
2.84
2.92
2.79
2.88
2.82
2.79
2.92
2.80
2.89
2.84
2.83
2.99
2.90
2.94
2.94
2.90
3.06
2.92
2.94
2.96
2.92
3.00
2.93
2.95
2.97
2.90
3.03
3.09
3.18
3.23
3.06
3.06
2.95
2.82
2.94
2.84
2.64
2.49
3.42
5.00
5.00
3.25
2.38
1.94
2.60
2.57
2.53
2.65
2.54
2.65
2.63
2.60
2.67
2.62
2.77
2.71
2.62
2.72
2.61
2.66
2.71
2.67
2.82
2.77
2.76
2.91
2.96
2.91
2.89
2.92
2.97
2.89
2.97
2.96
2.97
3.11
2.97
3.12
3.12
3.00
3.11
3.03
3.07
3.07
2.95
3.13
2.96
2.98
3.05
2.94
3.05
2.95
2.93
3.04
2.91
3.05
2.97
3.09
3.37
3.11
3.18
3.09
2.87
2.94
2.79
2.87
2.68
2.35
3.53
5.00
5.00
3.37
1.97
1.95
2.37
2.41
2.45
2.38
2.54
2.52
2.32
2.53
2.35
2.47
2.41
2.34
2.39
2.27
2.32
2.36
2.29
2.51
2.45
2.43
2.62
2.47
2.66
2.65
2.65
2.76
2.62
2.70
2.65
2.62
2.70
2.56
2.67
2.66
2.61
2.71
2.57
2.59
2.56
2.45
2.59
2.48
2.47
2.50
2.37
2.47
2.46
2.37
2.47
2.33
2.53
2.70
2.69
2.71
2.60
2.61
2.45
2.45
2.46
2.28
2.00
1.98
3.97
5.00
4.83
2.13
1.51
1.56
2.13
1.85
1.90
1.91
1.80
1.91
1.85
1.87
2.03
1.89
2.01
1.88
1.86
1.99
1.83
1.92
1.93
1.92
2.12
2.03
2.22
2.24
2.17
2.34
2.23
2.27
2.28
2.18
2.31
2.19
2.23
2.26
2.18
2.29
2.24
2.19
2.30
2.15
2.25
2.23
2.19
2.18
2.13
2.21
2.14
2.09
2.23
2.09
2.15
2.27
2.37
2.48
2.43
2.36
2.33
2.13
2.19
2.14
2.03
1.80
1.70
3.82
5.00
4.46
1.99
1.26
1.54
1.85
1.72
1.80
1.74
1.80
1.88
1.75
1.92
1.90
1.89
2.07
1.85
1.98
1.97
1.90
2.09
2.02
2.15
2.29
2.22
2.44
2.36
2.36
2.50
2.36
2.53
2.36
2.46
2.50
2.42
2.54
2.53
2.48
2.66
2.49
2.65
2.60
2.53
2.71
2.55
2.65
2.66
2.64
2.84
2.73
2.79
2.92
3.01
3.21
3.12
3.14
3.07
2.89
2.91
2.90
2.83
2.70
2.51
4.08
5.00
4.86
2.91
2.20
2.04
2.61
2.55
2.70
2.58
2.57
2.68
2.55
2.70
2.65
2.67
2.74
2.70
2.79
2.73
2.78
2.87
2.82
2.95
2.96
2.92
3.08
2.96
3.12
3.13
3.08
3.15
3.12
3.11
3.20
3.11
3.14
3.11
3.18
3.21
3.05
3.23
3.19
3.17
3.19
3.10
3.23
3.12
3.23
3.49
3.40
3.47
3.37
3.23
3.27
3.10
3.13
3.09
2.73
3.33
4.89
5.00
3.71
2.91
2.38
2.31
2.81
2.84
2.75
2.82
2.86
2.89
2.88
2.84
2.91
2.92
2.84
3.00
2.88
3.03
3.04
2.92
3.01
3.01
3.02
3.10
2.98
3.17
3.09
3.09
3.17
3.03
3.09
3.11
3.00
3.13
3.00
3.15
3.12
3.06
3.15
3.09
3.07
3.07
3.02
3.13
3.01
3.05
3.21
3.20
3.35
3.25
3.11
3.04
2.79
2.89
2.79
2.67
2.49
2.56
4.59
5.00
4.22
2.74
2.06
2.22
2.71
2.60
2.71
2.62
2.64
2.76
2.67
2.85
2.80
2.82
2.94
2.76
2.90
2.84
2.80
2.94
2.89
2.97
2.97
2.94
3.05
2.95
2.97
3.04
2.92
3.11
3.02
2.88
2.98
2.82
2.86
2.84
2.86
2.96
2.92
3.00
3.01
2.91
3.00
2.92
2.98
3.07
3.09
3.34
3.19
3.21
3.07
2.81
2.96
2.91
2.84
2.62
2.38
4.46
5.00
5.00
3.40
1.77
2.18
2.61
2.42
2.65
2.54
2.60
2.65
2.60
2.71
2.65
2.71
2.84
2.64
2.80
2.73
2.71
2.80
2.71
2.83
2.83
2.78
2.96
2.87
2.95
2.96
2.93
3.00
2.96
3.02
2.97
2.91
3.06
3.00
3.04
3.10
3.12
3.12
3.13
3.06
3.20
3.02
3.21
3.21
3.29
3.56
3.38
3.44
3.27
3.06
3.11
2.99
3.05
2.70
2.50
4.19
5.00
5.00
3.41
2.09
2.27
2.63
2.65
2.69
2.64
2.71
2.67
2.65
2.79
2.67
2.78
2.71
2.67
2.79
2.67
2.72
2.78
2.71
2.90
2.84
3.00
3.07
3.00
3.19
3.12
3.11
3.15
3.05
3.13
3.08
3.10
3.18
3.07
3.19
3.12
3.07
3.18
3.05
3.14
3.21
3.16
3.52
3.30
3.37
3.15
2.92
2.99
2.88
2.88
2.61
2.27
4.18
5.00
5.00
4.29
1.74
2.18
2.58
2.44
2.56
2.48
2.55
2.56
2.57
2.67
2.64
2.70
2.72
2.65
2.72
2.66
2.67
2.77
2.77
2.78
2.89
2.93
3.13
3.07
3.13
3.11
3.06
3.16
3.13
3.19
3.19
3.06
3.12
3.04
3.09
3.13
2.98
3.15
3.11
3.14
3.28
3.30
3.53
3.32
3.29
3.15
2.93
3.02
2.96
2.73
2.47
2.96
5.00
5.00
5.00
2.77
1.88
2.50
2.66
2.42
2.65
2.66
2.60
2.72
2.64
2.72
2.70
2.75
2.84
2.67
2.71
2.70
2.70
2.73
2.70
2.90
2.93
2.90
3.09
3.00
3.04
3.19
3.07
3.20
3.06
3.11
3.24
3.09
3.20
3.13
3.11
3.16
3.09
3.12
3.12
3.12
3.16
3.11
3.31
3.42
3.36
3.56
3.28
3.19
3.13
3.05
3.19
2.91
2.58
3.30
5.00
5.00
5.00
2.71
2.10
2.60
2.83
2.65
2.71
2.83
2.67
2.82
2.86
2.78
2.87
2.72
2.77
2.82
2.62
2.81
2.74
2.74
2.94
2.86
3.10
3.13
3.12
3.25
3.11
3.20
3.28
3.15
3.20
3.09
3.18
3.16
3.07
3.21
3.15
3.18
3.27
3.12
3.31
3.11
3.17
3.19
3.06
3.19
3.29
3.38
3.44
3.35
3.29
3.24
3.03
3.09
3.03
2.89
2.72
3.56
5.00
5.00
3.99
2.62
2.15
2.81
2.83
2.74
2.91
2.74
2.91
2.86
2.84
2.96
2.94
2.96
2.89
2.80
2.91
2.82
2.88
2.92
2.87
3.07
3.02
3.15
3.19
3.07
3.24
3.15
3.15
3.19
3.14
3.24
3.18
3.19
3.32
3.09
3.17
3.18
3.13
3.21
3.07
3.12
3.27
3.05
3.21
3.09
3.13
3.16
3.25
3.43
3.20
3.21
3.18
2.92
3.11
3.06
2.95
2.70
2.70
4.65
5.00
4.88
2.97
2.15
2.32
2.83
2.64
2.78
2.76
2.76
2.79
2.74
2.87
2.71
2.79
2.81
2.77
2.76
2.73
2.73
2.82
2.75
2.93
2.88
2.94
3.15
3.02
3.13
3.19
3.02
3.18
3.08
3.12
3.18
2.98
3.19
3.17
3.14
3.21
3.14
3.19
3.18
3.15
3.24
3.09
3.18
3.18
3.03
3.21
3.09
3.12
3.37
3.33
3.38
3.27
3.31
3.17
3.02
3.11
3.09
2.72
2.70
4.41
5.00
5.00
3.13
2.26
2.26
2.85
2.81
2.67
2.78
2.69
2.73
2.74
2.67
2.78
2.72
2.78
2.83
2.73
2.71
2.71
2.77
2.85
2.78
2.93
2.98
2.96
3.15
2.97
3.11
3.12
2.99
3.13
3.00
3.06
3.09
2.97
3.09
3.00
3.09
3.11
2.97
3.13
3.07
3.02
3.06
2.89
3.02
2.92
2.94
3.03
2.92
3.00
3.03
3.13
3.38
3.25
3.27
3.17
3.07
3.12
2.98
3.06
2.85
2.65
4.28
5.00
4.96
2.97
2.30
2.26
2.72
2.66
2.75
2.68
2.77
2.79
2.77
2.87
2.78
2.78
2.79
2.73
2.91
2.77
2.81
2.87
2.80
2.93
2.86
2.86
3.01
2.91
3.06
3.02
2.94
3.03
2.90
3.01
2.94
2.92
3.06
2.98
3.04
3.13
3.01
3.07
2.94
3.00
3.06
2.93
2.97
2.90
2.86
2.93
2.88
3.11
3.15
3.09
3.15
2.94
2.94
2.77
2.68
2.84
2.58
2.54
3.25
5.00
5.00
2.88
2.50
1.90
2.27
2.67
2.52
2.56
2.62
2.56
2.66
2.60
2.60
2.70
2.57
2.71
2.67
2.61
2.74
2.59
2.66
2.70
2.62
2.78
2.72
2.77
2.96
2.84
2.98
2.94
2.93
2.94
2.82
2.97
2.89
2.88
2.99
2.92
2.97
2.99
2.84
3.03
2.86
2.92
2.93
2.85
2.97
2.84
2.92
2.92
2.78
2.89
2.88
3.13
3.19
2.97
3.12
2.89
2.84
2.83
2.77
2.77
2.44
2.65
5.00
5.00
5.00
2.47
1.79
2.39
2.50
2.39
2.55
2.47
2.55
2.48
2.53
2.62
2.55
2.63
2.62
2.51
2.60
2.47
2.60
2.62
2.63
2.82
2.70
2.87
2.92
2.83
3.04
2.96
2.94
3.01
2.92
3.03
2.89
2.96
3.11
2.90
3.07
2.97
3.01
3.12
2.97
3.09
3.01
3.05
3.12
2.91
3.07
3.04
2.93
3.08
3.06
3.09
3.16
3.25
3.54
3.24
3.33
3.21
3.02
3.07
2.96
2.99
2.71
2.55
4.70
5.00
5.00
3.26
1.85
2.37
2.68
2.53
2.71
2.62
2.71
2.78
2.64
2.73
2.71
2.83
2.81
2.73
2.86
2.74
2.83
2.95
2.88
2.95
3.03
3.05
3.14
3.07
3.24
3.24
3.12
3.34
3.23
3.22
3.33
3.15
3.25
3.13
3.20
3.21
3.09
3.21
3.18
3.13
3.25
3.10
3.21
3.18
3.15
3.23
3.13
3.16
3.20
3.06
3.19
3.07
3.33
3.46
3.34
3.42
3.25
3.18
3.14
3.05
3.17
2.88
2.70
4.02
5.00
5.00
4.19
2.30
2.37
2.74
2.84
2.81
2.82
2.93
2.77
3.00
3.00
2.89
3.05
2.96
2.97
3.02
2.92
3.03
3.01
3.05
3.18
3.10
3.29
3.30
3.26
3.37
3.29
3.44
3.40
3.31
3.42
3.34
3.34
3.35
3.24
3.43
3.29
3.32
3.40
3.29
3.40
3.30
3.24
3.36
3.20
3.35
3.24
3.26
3.32
3.24
3.38
3.52
3.54
3.59
3.42
3.34
3.38
3.12
3.26
3.13
2.95
2.92
4.25
5.00
5.00
3.08
2.58
2.22
2.83
2.83
2.78
2.91
2.78
2.84
2.88
2.86
2.96
2.86
2.99
2.96
2.91
3.00
2.91
2.94
2.97
2.93
3.09
3.04
3.10
3.20
3.12
3.23
3.15
3.23
3.24
3.09
3.23
3.19
3.11
3.25
3.11
3.21
3.16
3.13
3.20
3.04
3.06
3.07
2.95
3.04
2.95
3.05
3.07
2.95
3.06
3.17
3.28
3.31
3.11
3.10
3.06
2.89
3.05
2.91
2.81
2.62
3.20
5.00
5.00
3.55
2.64
2.08
2.64
2.71
2.62
2.77
2.60
2.77
2.68
2.70
2.84
2.71
2.86
2.74
2.65
2.79
2.65
2.72
2.71
2.67
2.85
2.84
2.93
2.96
2.97
3.15
3.03
3.05
3.07
2.96
3.09
2.95
2.98
3.09
3.00
3.13
2.99
3.09
3.14
2.96
3.10
3.07
2.93
3.10
2.96
3.01
3.02
3.02
3.10
3.13
3.32
3.36
3.21
3.28
3.07
2.97
2.99
2.94
2.92
2.60
2.78
5.00
5.00
5.00
2.72
2.03
2.57
2.73
2.77
2.79
2.71
2.84
2.78
2.82
2.88
2.77
2.86
2.85
2.82
2.89
2.75
2.80
2.79
2.73
2.93
2.88
3.03
3.05
3.02
3.21
3.11
3.17
3.23
3.15
3.17
3.13
3.13
3.17
3.07
3.22
3.15
3.13
3.25
3.14
3.19
3.21
3.14
3.23
3.05
3.11
3.14
3.04
3.19
3.18
3.49
3.40
3.23
3.42
3.15
3.13
3.20
3.07
3.05
2.71
3.36
5.00
5.00
5.00
2.70
2.16
2.80
2.84
2.81
2.92
2.85
2.93
2.93
2.95
2.94
2.88
3.07
3.01
2.99
2.91
2.85
2.98
2.92
2.92
3.12
3.02
3.20
3.19
3.16
3.27
3.21
3.27
3.29
3.17
3.27
3.21
3.20
3.25
3.16
3.24
3.14
3.17
3.19
3.16
3.21
3.20
3.21
3.26
3.09
3.19
3.15
3.11
3.24
3.21
3.48
3.50
3.37
3.44
3.19
3.15
3.17
3.06
3.01
2.52
3.05
5.00
5.00
4.99
2.58
1.97
2.61
2.65
2.66
2.67
2.60
2.71
2.63
2.71
2.77
2.67
2.78
2.65
2.69
2.73
2.58
2.73
2.59
2.70
2.83
2.82
2.94
2.97
2.99
3.14
3.06
3.13
3.15
3.07
3.18
3.02
3.15
3.11
3.07
3.21
3.12
3.20
3.19
3.13
3.25
3.18
3.18
3.19
3.11
3.16
3.07
3.10
3.20
3.17
3.52
3.37
3.29
3.34
3.14
3.13
3.04
2.97
3.06
2.66
3.25
5.00
5.00
4.12
2.76
2.19
2.62
2.81
2.84
2.79
2.85
2.91
2.88
2.95
2.93
2.97
3.06
2.97
3.03
3.06
3.00
3.09
3.00
3.09
3.14
3.11
3.21
3.12
3.14
3.25
3.21
3.27
3.20
3.20
3.25
3.15
3.25
3.21
3.21
3.34
3.22
3.26
3.32
3.18
3.30
3.13
3.17
3.19
3.13
3.24
3.34
3.47
3.52
3.38
3.43
3.25
3.11
3.18
3.11
3.08
2.87
3.29
5.00
5.00
3.71
3.06
2.19
2.54
2.79
2.82
2.83
2.71
2.86
2.78
2.86
2.87
2.80
3.04
2.90
2.90
3.00
2.88
2.92
2.92
2.92
3.00
2.95
3.04
3.11
3.00
3.18
3.07
3.15
3.17
3.09
3.14
3.11
3.15
3.17
3.11
3.24
3.15
3.14
3.23
3.05
3.12
3.06
3.00
3.07
3.05
3.05
3.04
3.18
3.42
3.26
3.21
3.21
3.00
3.03
2.95
2.97
2.92
2.56
3.17
5.00
5.00
3.81
2.52
2.04
2.30
2.68
2.63
2.66
2.71
2.66
2.61
2.77
2.65
2.71
2.77
2.66
2.76
2.70
2.64
2.73
2.60
2.76
2.71
2.77
2.94
2.81
2.96
2.92
2.90
3.02
2.96
2.98
2.98
2.93
3.03
2.95
3.02
3.01
2.96
3.07
3.00
2.96
3.05
2.90
3.00
2.89
2.90
2.98
2.84
3.15
3.22
3.18
3.24
3.06
3.05
2.88
2.79
2.97
2.72
2.49
2.69
4.94
5.00
5.00
2.62
1.93
2.27
2.64
2.50
2.56
2.65
2.56
2.68
2.69
2.66
2.82
2.69
2.79
2.73
2.69
2.79
2.73
2.86
2.87
2.91
3.08
2.98
3.11
3.17
3.09
3.18
3.10
3.13
3.24
3.07
3.20
3.11
3.07
3.19
3.06
3.15
3.12
3.12
3.23
3.09
3.12
3.18
3.06
3.17
3.11
3.10
3.15
3.05
3.19
3.28
3.45
3.58
3.37
3.53
3.34
3.20
3.26
3.12
3.24
2.91
2.74
4.77
5.00
5.00
4.14
2.03
2.58
2.86
2.82
2.93
2.92
2.91
2.97
2.87
3.01
2.93
3.00
2.98
2.86
2.96
2.79
2.90
2.91
2.84
3.03
3.01
3.11
3.13
3.11
3.24
3.13
3.26
3.31
3.20
3.33
3.25
3.18
3.21
3.09
3.18
3.13
3.12
3.21
3.03
3.24
3.13
3.04
3.21
3.13
3.19
3.18
3.07
3.21
3.15
3.13
3.23
3.16
3.45
3.38
3.38
3.36
3.19
3.23
3.10
3.10
3.11
2.92
2.73
3.49
5.00
5.00
4.99
2.44
2.15
2.65
2.90
2.78
2.80
2.91
2.78
2.92
2.81
2.82
2.91
2.80
2.94
2.83
2.75
2.88
2.76
2.91
2.90
2.92
3.09
3.02
3.13
3.20
3.09
3.25
3.19
3.24
3.26
3.09
3.29
3.14
3.16
3.22
3.11
3.25
3.19
3.18
3.29
3.11
3.24
3.17
3.09
3.23
3.12
3.19
3.23
3.14
3.25
3.18
3.22
3.33
3.40
3.64
3.40
3.43
3.36
3.11
3.19
3.13
3.02
2.82
2.96
5.00
5.00
4.75
3.01
2.20
2.52
2.83
2.71
2.94
2.82
2.92
2.94
2.88
3.11
3.00
3.01
3.12
2.92
3.06
2.99
2.96
3.12
2.98
3.13
3.17
3.13
3.29
3.15
3.31
3.31
3.26
3.27
3.23
3.21
3.23
3.12
3.24
3.13
3.15
3.17
3.05
3.19
3.03
3.04
3.12
3.06
3.11
3.07
3.00
3.14
2.99
3.09
3.19
3.35
3.51
3.33
3.30
3.20
3.02
3.15
3.04
3.11
2.89
2.96
5.00
5.00
4.71
3.02
2.19
2.48
2.77
2.71
2.83
2.71
2.81
2.78
2.73
2.86
2.74
2.84
2.83
2.69
2.93
2.74
2.70
2.81
2.71
2.94
2.88
2.93
3.13
2.93
3.11
3.12
3.05
3.17
3.05
3.13
3.10
3.02
3.15
3.05
3.11
3.14
3.13
3.14
3.03
3.08
3.11
3.00
3.07
3.02
3.00
3.09
2.99
3.06
3.01
3.09
3.40
3.25
3.30
3.21
3.02
3.05
2.91
3.01
2.94
2.54
2.79
4.61
5.00
5.00
3.02
2.10
2.27
2.65
2.67
2.55
2.71
2.66
2.64
2.74
2.65
2.72
2.74
2.68
2.73
2.61
2.67
2.76
2.71
2.80
2.79
2.89
2.96
2.90
3.06
3.05
3.07
3.15
3.02
3.20
3.10
3.02
3.19
3.02
3.07
3.11
2.97
3.17
2.99
3.02
3.09
2.96
3.15
3.00
3.15
3.19
3.07
3.21
3.12
3.14
3.29
3.30
3.54
3.47
3.36
3.37
3.15
3.14
3.16
3.07
3.05
2.58
3.28
5.00
5.00
5.00
2.61
2.14
2.73
2.72
2.86
2.74
2.74
2.84
2.70
2.87
2.78
2.88
2.91
2.83
2.86
2.81
2.74
2.86
2.77
2.86
2.91
2.95
3.13
3.05
3.14
3.21
3.14
3.27
3.18
3.19
3.26
3.13
3.14
3.09
3.13
3.28
3.14
3.24
3.21
3.15
3.27
3.13
3.24
3.20
3.13
3.26
3.11
3.23
3.29
3.16
3.36
3.52
3.51
3.49
3.30
3.35
3.12
3.04
3.16
3.01
2.77
2.70
4.38
5.00
5.00
3.46
2.20
2.23
2.84
2.65
2.72
2.88
2.76
2.85
2.86
2.94
3.01
2.86
3.09
3.00
3.00
2.97
2.84
3.01
3.00
3.05
3.25
3.19
3.32
3.37
3.29
3.46
3.35
3.38
3.43
3.27
3.42
3.27
3.29
3.35
3.25
3.44
3.35
3.33
3.47
3.30
3.42
3.37
3.30
3.38
3.23
3.31
3.25
3.19
3.30
3.16
3.37
3.58
3.54
3.59
3.41
3.33
3.21
3.06
3.25
3.11
2.80
3.13
4.96
5.00
4.84
2.97
2.42
2.47
2.93
2.85
2.78
2.99
2.86
2.90
3.00
2.86
3.09
2.93
3.00
2.99
2.92
3.06
2.96
2.97
3.09
2.96
3.15
3.09
3.09
3.21
3.15
3.18
3.12
3.11
3.21
3.06
3.12
3.14
3.12
3.20
3.07
3.14
3.15
3.11
3.17
3.07
3.03
3.15
3.06
3.11
3.04
3.07
3.11
2.97
3.09
3.18
3.25
3.40
3.16
3.18
3.07
2.87
2.97
2.88
2.72
2.54
3.09
5.00
5.00
3.68
2.54
1.91
2.47
2.60
2.55
2.64
2.55
2.65
2.71
2.62
2.79
2.71
2.74
2.76
2.64
2.71
2.55
2.74
2.77
2.65
2.89
2.84
2.91
3.05
2.93
3.08
3.03
2.92
3.14
2.97
3.01
3.02
2.94
3.11
3.02
3.07
3.07
2.97
3.11
2.98
2.97
3.05
2.90
2.97
2.93
2.93
2.93
2.91
3.01
2.99
3.02
3.29
3.23
3.23
3.23
3.02
3.03
2.88
2.97
2.94
2.55
2.71
4.70
5.00
5.00
2.90
2.15
2.34
2.70
2.70
2.57
2.74
2.70
2.70
2.82
2.70
2.83
2.80
2.74
2.79
2.69
2.84
2.82
2.78
2.95
2.91
3.02
3.13
3.05
3.26
3.23
3.21
3.29
3.16
3.22
3.21
3.14
3.25
3.12
3.20
3.19
3.11
3.30
3.13
3.18
3.18
3.06
3.18
3.10
3.12
3.15
3.05
3.20
3.12
3.15
3.18
3.19
3.50
3.47
3.36
3.44
3.21
3.21
3.07
3.07
3.16
2.72
2.71
4.52
5.00
5.00
3.62
2.13
2.35
2.71
2.78
2.73
2.74
2.85
2.65
2.86
2.80
2.83
3.00
2.87
2.93
2.91
2.86
2.94
2.84
2.96
3.02
3.03
3.19
3.07
3.23
3.31
3.21
3.37
3.21
3.31
3.37
3.20
3.35
3.31
3.28
3.34
3.23
3.34
3.31
3.25
3.34
3.19
3.24
3.24
3.21
3.29
3.17
3.18
3.24
3.13
3.28
3.35
3.59
3.54
3.49
3.52
3.27
3.18
3.26
3.12
3.07
2.80
3.60
5.00
5.00
4.35
2.85
2.32
2.97
2.96
3.01
3.09
3.00
3.14
3.01
3.06
3.19
3.06
3.14
3.12
3.12
3.16
3.05
3.18
3.13
3.15
3.23
3.17
3.25
3.30
3.23
3.34
3.24
3.30
3.32
3.21
3.33
3.23
3.21
3.29
3.22
3.30
3.26
3.31
3.36
3.23
3.33
3.21
3.23
3.27
3.11
3.21
3.19
3.13
3.35
3.39
3.35
3.30
3.09
3.19
3.00
3.00
3.06
2.78
2.80
3.31
5.00
5.00
3.69
2.83
2.16
2.49
2.84
2.70
2.84
2.83
2.78
2.95
2.81
2.93
2.95
2.92
2.99
2.89
2.95
2.93
2.87
3.01
2.95
3.00
3.12
3.00
3.13
3.10
3.06
3.23
3.03
3.19
3.13
3.05
3.20
3.07
3.11
3.12
3.07
3.21
3.13
3.13
3.18
3.06
3.15
3.04
3.09
3.15
2.97
3.15
3.05
3.02
3.20
3.26
3.38
3.25
3.18
3.19
2.90
3.01
3.00
2.83
2.74
2.65
4.87
5.00
4.96
2.73
1.95
2.27
2.64
2.53
2.71
2.61
2.67
2.70
2.70
2.74
2.74
2.70
2.80
2.63
2.67
2.72
2.64
2.79
2.67
2.80
2.83
2.83
3.00
2.97
3.04
3.06
2.99
3.15
3.00
3.04
3.09
2.97
3.18
3.10
3.03
3.19
2.97
3.19
3.18
3.06
3.14
2.97
3.08
3.09
3.00
3.13
3.02
3.09
3.07
2.97
3.25
3.31
3.38
3.36
3.23
3.23
3.10
3.04
3.16
2.95
2.71
2.68
4.87
5.00
5.00
3.16
1.97
2.35
2.78
2.58
2.70
2.74
2.62
2.73
2.70
2.76
2.88
2.78
2.92
2.85
2.80
2.91
2.77
2.92
2.91
2.93
3.02
2.98
3.12
3.13
3.11
3.19
3.06
3.16
3.18
3.06
3.19
3.07
3.12
3.21
3.12
3.21
3.18
3.12
3.25
3.14
3.21
3.15
3.12
3.18
3.08
3.20
3.12
3.12
3.19
3.11
3.16
3.18
3.13
3.49
3.50
3.46
3.47
3.25
3.30
3.18
3.13
3.24
2.82
2.77
4.37
5.00
5.00
4.15
2.20
2.29
2.74
2.88
2.72
2.85
2.86
2.78
2.96
2.84
2.94
2.96
2.88
2.97
2.84
2.91
2.94
2.82
2.98
2.97
3.00
3.11
3.06
3.26
3.11
3.13
3.22
3.06
3.15
3.13
3.05
3.20
3.08
3.15
3.19
3.11
3.21
3.09
3.12
3.19
3.06
3.19
3.13
3.11
3.18
2.98
3.13
3.09
3.05
3.20
3.05
3.15
3.18
3.30
3.53
3.29
3.36
3.31
3.02
3.10
2.96
3.01
2.76
2.45
3.77
5.00
5.00
4.47
2.13
2.14
2.58
2.58
2.68
2.65
2.77
2.71
2.71
2.79
2.67
2.85
2.83
2.71
2.87
2.73
2.78
2.86
2.74
2.95
2.93
2.96
3.07
3.03
3.13
3.06
3.10
3.19
3.10
3.19
3.11
3.11
3.20
3.10
3.16
3.25
3.16
3.25
3.15
3.21
3.19
3.10
3.32
3.12
3.12
3.23
3.13
3.20
3.10
3.19
3.29
3.09
3.25
3.13
3.13
3.44
3.38
3.42
3.37
3.21
3.19
2.98
3.09
3.05
2.74
2.86
4.29
5.00
5.00
2.92
2.33
2.09
2.61
2.65
2.59
2.71
2.63
2.59
2.65
2.52
2.71
2.68
2.70
2.79
2.71
2.76
2.83
2.75
2.84
2.85
2.86
2.93
2.84
3.04
2.88
2.91
3.03
2.92
2.97
2.92
2.89
2.93
2.90
3.00
2.91
2.92
3.03
2.91
2.93
3.00
2.85
3.00
2.84
2.92
2.90
2.82
2.94
2.82
2.85
2.84
2.81
3.15
3.17
2.99
3.00
2.77
2.83
2.71
2.66
2.74
2.29
2.64
4.24
5.00
3.59
