
2.51
2.40
2.34
2.23
2.14
2.12
2.19
2.27
2.29
2.47
2.54
2.71
2.95
3.07
3.29
3.27
3.42
3.53
3.52
3.71
3.70
3.64
3.77
3.73
3.96
4.23
4.15
4.37
4.19
4.17
4.07
4.03
4.14
3.99
3.97
4.48
5.00
5.00
5.00
3.53
3.17
3.50
3.74
3.70
3.73
3.80
3.81
3.92
3.77
3.85
3.93
3.79
3.84
3.86
3.97
4.11
4.01
4.06
4.03
3.96
3.98
4.01
3.90
3.84
3.76
3.82
3.74
3.75
3.79
3.70
3.72
3.70
3.79
3.74
3.67
3.73
3.69
3.64
3.67
3.62
3.67
3.65
3.58
3.62
3.62
3.70
3.82
3.88
3.84
3.64
3.53
3.45
3.26
3.35
3.27
3.25
3.81
4.92
5.00
3.32
2.61
2.49
2.67
2.88
2.94
2.85
2.96
2.94
2.88
2.88
2.88
2.95
2.84
2.86
2.80
2.79
2.81
2.70
2.70
2.73
2.60
2.59
2.49
2.45
2.39
2.29
2.27
2.22
2.09
2.14
2.11
2.13
2.08
2.10
2.11
2.08
2.01
1.97
1.96
1.85
1.77
1.74
1.70
1.64
1.67
1.82
1.76
1.82
1.51
1.41
1.29
1.09
1.14
1.02
1.03
1.30
2.29
2.96
1.07
0.61
0.07
0.06
0.51
0.54
0.53
0.56
0.51
0.67
0.63
0.61
0.68
0.63
0.74
0.82
0.80
0.98
0.96
0.99
1.06
0.93
1.02
0.93
1.00
1.00
0.95
1.02
1.02
1.01
1.06
1.04
1.16
1.10
1.10
1.21
1.16
1.26
1.35
1.24
1.32
1.31
1.37
1.41
1.35
1.44
1.48
1.75
1.85
1.78
1.74
1.60
1.61
1.64
1.52
1.66
1.62
2.11
3.48
3.74
1.92
1.44
1.12
1.46
1.68
1.71
1.79
1.77
1.92
1.86
1.94
1.98
1.98
2.18
2.16
2.20
2.25
2.38
2.44
2.48
2.52
2.55
2.48
2.55
2.60
2.55
2.60
2.61
2.62
2.66
2.77
2.77
2.82
2.83
2.92
2.97
3.04
2.89
3.03
3.15
3.00
3.20
3.17
3.12
3.25
3.19
3.29
3.33
3.46
3.53
3.35
3.27
3.17
3.15
3.21
3.14
3.11
3.21
3.85
4.94
4.24
3.01
2.73
2.39
2.79
3.00
3.01
3.05
3.05
3.13
3.15
3.17
3.21
3.19
3.29
3.19
3.29
3.47
3.36
3.44
3.37
3.35
3.40
3.29
3.19
3.21
3.10
3.10
3.06
3.09
3.23
3.18
3.29
3.29
3.32
3.38
3.35
3.38
3.43
3.40
3.52
3.44
3.47
3.53
3.37
3.50
3.55
3.37
3.53
3.51
3.55
3.59
3.61
3.94
3.80
3.90
3.85
3.47
3.48
3.46
3.51
3.42
3.46
3.84
5.00
5.00
5.00
2.73
2.67
3.28
3.34
3.45
3.73
3.73
3.68
3.81
3.92
3.89
3.91
3.91
3.88
3.93
3.75
3.84
3.97
3.80
3.70
3.83
3.84
3.60
3.97
3.37
3.69
3.49
3.44
3.70
3.69
3.60
3.68
3.78
3.75
4.00
3.71
3.71
3.83
3.75
3.81
3.92
3.84
3.91
3.87
3.85
3.93
3.87
4.16
3.88
3.94
3.84
3.88
3.87
3.88
4.07
4.35
4.15
4.14
4.03
3.83
3.84
3.77
3.77
3.64
3.78
4.85
5.00
5.00
3.61
2.57
3.19
3.49
3.62
3.67
3.68
3.83
3.66
3.83
3.84
3.92
3.94
3.93
3.96
3.96
3.98
4.02
4.05
4.00
4.07
3.99
4.06
3.95
3.88
3.82
3.84
3.77
3.78
3.74
3.78
3.74
3.66
3.80
3.70
3.74
3.68
3.70
3.68
3.66
3.65
3.64
3.66
3.75
3.64
3.68
3.65
3.59
3.66
3.56
3.61
3.75
3.53
3.61
3.65
3.65
3.79
3.88
4.07
3.98
3.94
3.71
3.55
3.59
3.54
3.55
3.47
3.82
5.00
5.00
4.43
3.07
2.79
3.04
3.43
3.40
3.52
3.53
3.54
3.60
3.61
3.65
3.55
3.61
3.77
3.68
3.73
3.68
3.69
3.77
3.70
3.78
3.77
3.70
3.68
3.59
3.64
3.58
3.48
3.46
3.57
3.60
3.60
3.61
3.61
3.65
3.67
3.78
3.70
3.74
3.74
3.71
3.74
3.55
3.60
3.58
3.44
3.55
3.38
3.48
3.43
3.46
3.52
3.45
3.46
3.76
3.74
3.75
3.61
3.32
3.25
3.13
3.13
3.13
3.02
3.49
4.80
5.00
3.50
2.37
2.22
2.58
2.85
2.87
2.91
3.02
2.95
3.02
3.13
3.02
3.11
3.04
3.14
3.14
3.04
3.12
3.15
3.12
3.15
3.03
3.08
3.03
2.97
2.96
2.91
2.95
2.94
2.93
3.03
2.84
2.93
2.99
2.71
2.94
2.97
3.05
3.05
2.97
2.87
3.10
2.83
3.12
3.20
2.81
3.02
2.69
2.33
3.37
2.47
2.50
2.51
2.16
1.89
1.35
1.23
1.21
0.97
1.25
3.28
4.30
2.09
1.64
1.05
1.54
1.70
1.51
1.31
1.61
1.96
2.18
1.97
2.25
2.24
2.18
2.24
1.84
2.32
2.29
2.71
3.04
2.77
2.88
2.76
2.74
2.51
2.30
2.43
2.56
2.52
2.68
2.66
2.71
2.89
2.96
3.02
2.46
3.35
3.11
3.06
2.97
2.88
2.60
2.60
2.27
2.03
1.96
1.73
1.69
1.61
1.73
1.50
1.33
1.25
0.72
0.60
0.56
0.56
0.51
0.63
1.46
2.81
2.60
0.88
0.18
0.06
0.30
0.65
0.79
0.96
1.25
1.43
1.48
1.50
1.46
1.48
1.62
1.61
1.60
1.67
1.70
1.82
1.87
1.96
2.16
2.24
2.39
2.48
2.52
2.61
2.51
2.62
2.68
2.64
2.89
2.82
2.83
2.89
2.84
2.84
2.81
2.72
2.83
2.82
2.91
2.97
2.93
3.00
2.92
3.07
3.30
3.36
3.52
3.34
3.21
3.09
2.96
3.06
3.03
2.97
3.17
4.02
5.00
4.45
2.67
2.44
2.37
2.77
2.87
2.88
3.05
2.94
2.96
3.02
3.06
3.11
3.09
3.23
3.23
3.15
3.27
3.30
3.27
3.30
3.24
3.33
3.16
3.08
3.15
3.05
3.11
3.09
3.06
3.20
3.13
3.15
3.16
3.09
3.11
3.11
3.14
3.11
2.97
3.11
3.03
3.04
3.06
3.04
3.06
3.09
3.21
3.44
3.46
3.52
3.33
3.19
3.25
3.12
3.17
3.19
3.08
3.63
4.74
5.00
3.52
2.64
2.44
2.62
3.06
3.02
3.07
3.24
3.14
3.18
3.24
3.26
3.33
3.28
3.33
3.35
3.31
3.37
3.37
3.40
3.48
3.43
3.42
3.47
3.46
3.51
3.35
3.44
3.46
3.37
3.53
3.40
3.45
3.53
3.45
3.58
3.52
3.48
3.57
3.43
3.50
3.46
3.44
3.42
3.29
3.37
3.38
3.42
3.64
3.72
3.73
3.68
3.44
3.39
3.28
3.26
3.26
3.10
3.32
4.28
5.00
4.72
2.82
2.57
2.61
3.03
3.14
3.13
3.29
3.32
3.27
3.48
3.34
3.38
3.36
3.34
3.50
3.43
3.49
3.46
3.46
3.54
3.50
3.54
3.54
3.47
3.52
3.38
3.35
3.38
3.32
3.35
3.36
3.35
3.38
3.30
3.38
3.35
3.34
3.43
3.32
3.33
3.32
3.26
3.30
3.25
3.31
3.23
3.30
3.47
3.47
3.60
3.70
3.47
3.35
3.20
3.09
3.11
3.05
3.09
3.15
4.11
5.00
4.61
2.69
2.44
2.38
2.86
2.90
2.98
3.13
3.01
3.14
3.11
3.11
3.21
3.21
3.24
3.30
3.34
3.44
3.38
3.37
3.38
3.39
3.45
3.28
3.30
3.34
3.28
3.34
3.25
3.31
3.29
3.24
3.31
3.32
3.30
3.34
3.25
3.38
3.31
3.24
3.30
3.35
3.27
3.29
3.21
3.25
3.23
3.25
3.36
3.43
3.59
3.63
3.64
3.50
3.30
3.32
3.21
3.29
3.25
3.34
4.22
5.00
5.00
3.13
2.57
2.65
3.04
3.18
3.30
3.24
3.31
3.29
3.19
3.21
3.23
3.21
3.32
3.35
3.27
3.34
3.32
3.30
3.24
3.33
3.24
3.23
3.30
3.23
3.18
3.19
3.06
3.11
3.11
3.19
2.97
3.02
3.11
3.05
2.99
3.01
2.88
2.88
2.83
2.83
2.92
2.86
2.91
2.86
2.81
2.85
2.91
3.06
3.19
3.24
3.32
3.15
3.02
2.97
2.92
2.97
2.83
2.82
3.30
4.52
4.94
2.97
2.48
2.19
2.36
2.71
2.74
2.70
2.79
2.71
2.79
2.79
2.78
2.89
2.86
2.90
2.92
2.96
3.01
3.00
3.09
3.02
2.99
3.11
2.95
2.93
3.03
2.92
2.97
2.88
2.96
3.00
2.91
2.98
2.97
2.99
3.11
2.98
3.12
3.09
3.02
3.12
3.03
2.99
2.98
2.96
3.06
3.07
3.09
3.34
3.25
3.29
3.02
2.90
2.86
2.66
2.87
2.73
2.83
3.55
4.59
4.58
2.52
2.50
2.11
2.26
2.59
2.67
2.68
2.83
2.71
2.84
2.95
2.94
3.12
2.99
3.11
3.23
3.24
3.33
3.29
3.24
3.37
3.26
3.27
3.26
3.13
3.15
3.03
3.06
3.02
3.06
3.13
3.06
3.03
2.99
2.93
2.97
2.92
2.94
2.95
2.87
2.96
2.87
2.90
2.92
2.91
3.13
3.16
3.16
3.18
2.91
2.82
2.83
2.66
2.72
2.70
2.82
3.55
4.66
4.44
2.50
2.43
2.02
2.25
2.55
2.67
2.71
2.79
2.70
2.84
2.86
2.90
2.91
2.96
2.95
2.90
3.00
3.05
2.96
3.04
3.05
3.05
3.09
3.00
3.02
3.05
3.01
3.06
3.02
3.06
3.05
2.98
3.05
3.09
3.12
3.15
3.11
3.16
3.12
3.12
3.18
3.10
3.12
3.16
3.07
3.15
3.17
3.31
3.34
3.51
3.60
3.49
3.29
3.08
2.93
2.95
2.94
2.88
2.93
3.49
4.91
4.88
2.69
2.32
2.10
2.49
2.76
2.77
2.81
2.89
2.92
3.00
3.02
3.05
3.02
3.06
3.13
3.13
3.24
3.23
3.19
3.24
3.15
3.19
3.01
3.05
3.06
2.93
3.02
2.98
2.90
2.97
2.97
3.00
3.06
3.02
3.07
3.05
3.02
3.11
3.00
3.11
3.09
2.95
3.01
2.95
2.97
2.96
2.97
3.00
2.97
3.05
3.10
3.15
3.33
3.21
3.17
2.98
2.75
2.78
2.67
2.72
2.66
2.71
3.68
5.00
4.48
2.29
1.56
1.90
2.29
2.35
2.46
2.48
2.64
2.55
2.59
2.71
2.63
2.71
2.71
2.73
2.86
2.86
2.93
3.01
2.94
3.00
2.95
2.92
2.93
2.86
2.89
2.86
2.78
2.86
2.77
2.83
2.82
2.72
2.88
2.72
2.80
2.83
2.70
2.73
2.66
2.65
2.62
2.52
2.50
2.47
2.46
2.46
2.35
2.37
2.29
2.20
2.23
2.12
2.18
2.19
2.20
2.38
2.26
2.24
2.02
1.80
1.71
1.59
1.66
1.62
1.46
2.08
3.51
3.88
1.76
0.62
0.67
1.00
1.23
1.23
1.25
1.37
1.34
1.34
1.39
1.43
1.42
1.47
1.48
1.59
1.51
1.61
1.64
1.59
1.63
1.66
1.65
1.63
1.46
1.63
1.49
1.51
1.57
1.47
1.59
1.54
1.50
1.59
1.54
1.57
1.66
1.62
1.68
1.68
1.73
1.70
1.65
1.72
1.63
1.70
1.73
1.70
1.79
1.78
1.82
1.96
1.89
1.95
1.97
1.94
2.20
2.19
2.37
2.39
2.31
2.26
2.12
2.07
2.04
2.01
1.97
2.03
3.19
4.53
3.56
1.76
1.28
1.59
2.08
2.13
2.22
2.32
2.37
2.50
2.50
2.67
2.68
2.71
2.80
2.80
2.92
3.03
2.99
3.10
2.97
3.06
3.11
3.12
3.11
3.10
3.12
3.13
3.07
3.16
3.18
3.20
3.25
3.24
3.34
3.30
3.29
3.35
3.30
3.46
3.40
3.32
3.38
3.34
3.42
3.34
3.36
3.44
3.42
3.49
3.49
3.46
3.53
3.54
3.56
3.60
3.55
3.55
3.60
3.71
3.85
3.87
3.88
3.72
3.46
3.44
3.35
3.42
3.38
3.32
3.84
5.00
5.00
4.16
2.77
2.61
2.92
3.15
3.29
3.32
3.47
3.47
3.55
3.65
3.59
3.71
3.80
3.79
3.78
3.81
3.86
3.89
3.81
3.90
3.79
3.87
3.83
3.71
3.77
3.75
3.75
3.78
3.75
3.85
3.77
3.80
3.82
3.81
3.85
3.81
3.86
3.92
3.88
3.95
3.88
3.93
3.91
3.87
3.87
3.88
3.86
3.88
3.79
3.79
3.84
3.74
3.84
3.75
3.78
3.84
3.87
4.03
4.04
4.06
4.07
3.88
3.79
3.62
3.57
3.59
3.46
3.55
4.27
5.00
5.00
3.66
2.87
2.86
3.19
3.49
3.52
3.52
3.61
3.59
3.67
3.70
3.71
3.83
3.71
3.76
3.79
3.81
3.93
3.91
3.93
3.97
3.90
3.93
3.90
3.94
3.91
3.83
3.89
3.82
3.89
3.81
3.87
3.88
3.90
3.88
3.87
3.83
3.89
3.81
3.81
3.90
3.80
3.83
3.87
3.78
3.78
3.71
3.71
3.73
3.66
3.72
3.68
3.66
3.62
3.66
3.75
3.82
3.90
4.03
3.95
3.92
3.75
3.60
3.62
3.47
3.56
3.52
3.60
4.61
5.00
5.00
3.44
2.70
2.89
3.23
3.42
3.42
3.48
3.54
3.53
3.56
3.58
3.59
3.68
3.60
3.77
3.80
3.82
3.85
3.91
3.88
3.92
3.83
3.92
3.91
3.88
3.91
3.74
3.77
3.76
3.73
3.71
3.70
3.75
3.81
3.66
3.71
3.64
3.63
3.66
3.53
3.64
3.47
3.43
3.54
3.40
3.38
3.32
3.31
3.35
3.25
3.27
3.32
3.20
3.25
3.25
3.39
3.47
3.52
3.61
3.44
3.33
3.21
3.00
3.05
3.02
2.93
3.06
3.78
5.00
4.81
2.66
2.32
2.25
2.70
2.91
2.83
2.94
2.96
3.02
3.03
3.04
3.02
3.11
3.10
3.17
3.15
3.19
3.23
3.25
3.30
3.19
3.19
3.07
2.98
3.00
2.92
2.93
2.94
2.82
2.88
2.83
2.81
2.90
2.82
2.93
2.91
2.94
2.95
2.92
3.02
2.96
2.96
2.93
2.86
2.92
2.81
2.79
2.91
2.80
2.88
2.87
2.99
3.06
3.13
3.25
3.21
3.07
2.96
2.74
2.82
2.74
2.64
2.68
2.88
3.93
4.85
3.14
2.39
2.20
1.82
2.37
2.46
2.52
2.53
2.50
2.65
2.62
2.69
2.71
2.67
2.74
2.70
2.77
2.85
2.80
2.83
2.82
2.78
2.81
2.66
2.74
2.68
2.58
2.70
2.61
2.63
2.67
2.65
2.79
2.71
2.83
2.84
2.82
2.90
2.83
2.90
2.97
2.89
2.99
3.02
2.98
3.05
3.05
3.13
3.26
3.31
3.32
3.24
3.11
3.02
2.84
2.94
2.84
2.77
3.13
3.93
5.00
3.76
2.50
2.35
2.03
2.53
2.66
2.70
2.77
2.71
2.88
2.74
2.85
2.92
2.93
2.90
2.92
2.92
3.01
2.97
3.02
3.00
2.95
2.97
2.90
2.88
2.90
2.85
2.83
2.84
2.78
2.78
2.77
2.88
2.77
2.81
2.86
2.78
2.86
2.71
2.71
2.72
2.58
2.69
2.67
2.59
2.71
2.62
2.65
2.59
2.51
2.67
2.72
2.81
3.06
2.99
2.96
2.73
2.65
2.59
2.46
2.56
2.47
2.54
3.54
4.88
4.55
2.29
1.69
1.87
2.25
2.36
2.39
2.39
2.48
2.40
2.45
2.52
2.47
2.56
2.61
2.60
2.76
2.74
2.92
2.94
2.93
3.02
2.88
2.97
2.91
2.91
2.92
2.80
2.89
2.93
2.88
2.97
2.98
3.03
3.02
3.01
3.07
2.97
3.00
3.07
3.02
3.13
3.05
3.07
3.06
2.98
3.06
3.06
3.05
3.22
3.25
3.37
3.52
3.37
3.35
3.09
2.96
2.96
2.88
2.94
2.84
3.15
4.43
5.00
4.02
2.24
2.01
2.32
2.61
2.71
2.79
2.77
2.87
2.78
2.85
2.84
2.83
2.94
2.93
2.97
3.00
2.93
3.03
2.99
2.97
2.95
2.93
3.00
2.97
2.95
2.98
2.88
2.95
2.90
2.89
2.96
2.93
2.99
2.91
2.91
2.93
2.80
2.87
2.93
2.86
2.95
2.82
2.87
2.83
2.81
2.92
2.88
2.84
2.94
2.93
3.05
2.97
3.15
3.14
2.95
2.88
2.76
2.63
2.73
2.64
2.60
2.83
3.78
4.98
3.65
2.16
1.91
1.86
2.34
2.42
2.38
2.45
2.42
2.58
2.54
2.57
2.62
2.56
2.64
2.69
2.67
2.82
2.78
2.88
2.80
2.78
2.93
2.85
2.81
2.92
2.79
2.93
2.84
2.92
2.93
2.89
2.95
2.94
2.91
3.00
2.91
2.95
2.91
2.93
2.97
2.89
2.93
2.97
2.86
2.88
2.85
2.80
2.81
2.79
2.91
2.92
3.07
3.13
3.05
3.02
2.70
2.61
2.54
2.45
2.42
2.32
2.83
3.99
4.22
2.15
1.89
1.43
1.47
1.81
1.95
1.89
1.92
1.95
1.91
1.91
1.95
1.86
1.92
1.91
1.93
1.97
1.91
2.07
1.99
2.01
2.02
1.89
1.97
1.83
1.80
1.79
1.70
1.70
1.67
1.59
1.60
1.51
1.60
1.59
1.50
1.69
1.59
1.69
1.70
1.60
1.67
1.61
1.59
1.60
1.63
1.71
1.91
1.98
2.01
1.88
1.67
1.58
1.46
1.54
1.43
1.47
1.88
2.91
3.80
2.19
1.45
1.21
0.93
1.47
1.57
1.70
1.80
1.73
1.82
1.87
1.83
1.94
1.85
1.92
1.91
1.94
2.12
2.14
2.18
2.15
2.14
2.17
2.21
2.18
2.29
2.22
2.32
2.25
2.32
2.33
2.29
2.36
2.31
2.37
2.54
2.44
2.62
2.53
2.61
2.65
2.61
2.55
2.57
2.50
2.67
2.42
2.56
2.73
2.77
3.00
3.08
3.15
3.14
2.96
2.93
2.90
2.88
2.92
2.91
3.24
4.36
5.00
3.68
2.54
2.29
2.45
2.75
3.02
2.96
3.04
3.08
3.04
3.19
3.18
3.25
3.28
3.27
3.40
3.38
3.49
3.57
3.52
3.66
3.56
3.56
3.59
3.47
3.50
3.44
3.50
3.54
3.51
3.67
3.59
3.59
3.68
3.65
3.68
3.73
3.65
3.72
3.85
3.77
3.73
3.72
3.78
3.75
3.71
3.78
3.86
3.96
4.03
4.05
4.06
3.84
3.73
3.64
3.52
3.59
3.52
3.51
3.81
5.00
5.00
5.00
3.07
2.72
3.17
3.54
3.52
3.56
3.68
3.64
3.74
3.73
3.78
3.87
3.68
3.91
3.85
3.83
3.89
3.92
3.93
3.96
3.77
3.84
3.83
3.73
3.81
3.73
3.78
3.78
3.79
3.78
3.78
3.82
3.83
3.81
3.77
3.75
3.93
3.83
3.78
3.88
3.84
3.87
3.91
3.78
3.88
3.85
3.79
3.84
3.75
3.94
3.87
4.06
4.14
3.88
3.86
3.65
3.52
3.52
3.48
3.47
3.34
3.80
5.00
5.00
4.83
2.71
2.57
3.10
3.26
3.31
3.35
3.42
3.52
3.38
3.44
3.47
3.35
3.49
3.37
3.38
3.38
3.37
3.55
3.51
3.50
3.59
3.45
3.42
3.33
3.30
3.33
3.19
3.30
3.23
3.21
3.25
3.23
3.30
3.32
3.25
3.34
3.36
3.31
3.33
3.33
3.36
3.33
3.33
3.31
3.19
3.27
3.19
3.18
3.19
3.09
3.21
3.21
3.30
3.38
3.43
3.64
3.45
3.29
3.12
2.98
3.00
3.01
2.93
2.97
3.45
4.91
5.00
3.53
2.30
2.12
2.51
2.79
2.78
2.88
2.81
2.92
2.97
2.88
2.97
3.02
2.98
3.09
3.07
3.13
3.24
3.15
3.28
3.24
3.26
3.25
3.18
3.21
3.09
3.14
3.09
3.06
3.14
3.09
3.11
3.19
3.12
3.16
3.09
3.09
3.12
3.07
3.15
3.18
3.07
3.16
3.09
3.11
3.13
3.06
3.06
3.07
3.08
3.09
3.04
3.11
2.98
3.07
3.11
3.06
3.20
3.25
3.27
3.52
3.53
3.49
3.35
3.12
3.16
3.11
3.13
3.02
2.99
3.78
5.00
5.00
3.02
2.29
2.31
2.62
2.87
2.95
2.88
2.99
2.93
2.98
3.02
2.93
3.04
3.05
3.04
3.13
3.06
3.20
3.18
3.13
3.22
3.12
3.12
3.14
3.10
3.13
3.05
3.10
3.12
2.97
3.10
3.04
3.06
3.14
3.06
3.11
3.04
3.02
3.11
2.99
3.11
3.04
3.00
3.10
3.04
3.09
3.09
3.09
3.13
3.10
3.11
3.09
3.07
3.09
3.04
3.02
3.10
3.06
3.21
3.21
3.31
3.36
3.34
3.09
3.02
2.98
2.96
2.92
2.88
3.19
4.22
5.00
3.37
2.57
2.30
2.24
2.68
2.84
2.83
2.92
2.86
2.96
2.96
2.96
3.07
3.07
3.18
3.20
3.25
3.34
3.31
3.34
3.35
3.34
3.37
3.28
3.25
3.28
3.15
3.27
3.11
3.15
3.15
3.16
3.21
3.18
3.18
3.29
3.19
3.26
3.19
3.19
3.24
3.17
3.24
3.19
3.21
3.25
3.13
3.23
3.25
3.13
3.23
3.19
3.29
3.32
3.33
3.62
3.51
3.53
3.47
3.13
3.20
3.19
3.19
3.19
3.13
3.90
5.00
5.00
3.14
2.60
2.43
2.79
3.02
3.13
3.12
3.22
3.24
3.25
3.34
3.29
3.32
3.42
3.32
3.43
3.47
3.49
3.53
3.45
3.48
3.49
3.37
3.46
3.38
3.38
3.40
3.33
3.45
3.33
3.39
3.35
3.32
3.46
3.36
3.40
3.46
3.39
3.46
3.40
3.37
3.49
3.43
3.48
3.44
3.42
3.43
3.30
3.36
3.39
3.38
3.46
3.49
3.66
3.75
3.80
3.75
3.51
3.36
3.23
3.15
3.18
3.10
3.03
3.35
4.68
5.00
4.11
2.33
2.29
2.57
2.92
3.01
2.91
3.13
3.09
3.18
3.23
3.23
3.30
3.32
3.38
3.37
3.40
3.47
3.47
3.45
3.47
3.33
3.47
3.37
3.31
3.34
3.20
3.24
3.21
3.23
3.20
3.18
3.19
3.20
3.23
3.25
3.21
3.26
3.23
3.21
3.23
3.23
3.25
3.28
3.20
3.24
3.19
3.19
3.23
3.07
3.23
3.29
3.28
3.44
3.51
3.50
3.35
3.14
3.11
2.98
3.05
3.02
2.86
3.09
4.18
5.00
4.17
2.29
2.02
2.19
2.66
2.70
2.70
2.82
2.79
2.89
2.97
2.85
2.96
2.95
2.95
3.09
3.06
3.21
3.21
3.21
3.31
3.30
3.29
3.26
3.20
3.19
3.16
3.18
3.18
3.07
3.18
3.05
3.13
3.14
3.13
3.21
3.14
3.02
3.13
3.09
3.06
3.09
3.07
3.07
3.00
3.03
3.00
2.93
3.00
2.94
3.01
3.02
2.99
3.21
3.19
3.30
3.36
3.24
3.23
2.93
2.88
2.84
2.77
2.85
2.74
3.18
4.62
5.00
3.21
2.15
1.81
2.27
2.48
2.56
2.55
2.56
2.73
2.74
2.80
2.91
2.73
2.89
2.88
2.86
2.96
2.89
3.03
2.95
2.94
2.99
2.93
2.97
2.91
2.90
2.98
2.88
2.95
2.95
2.87
2.92
2.88
2.94
2.96
2.88
2.97
2.93
2.96
2.90
2.90
2.97
2.94
2.89
2.92
2.86
2.91
2.94
2.93
2.97
2.93
3.10
3.11
3.19
3.34
3.23
3.16
3.02
2.85
2.88
2.79
2.81
2.74
3.12
4.23
4.85
2.93
2.44
2.03
2.16
2.48
2.61
2.68
2.73
2.83
2.77
2.85
2.93
2.81
2.87
2.89
2.92
3.03
3.05
3.11
3.12
3.09
3.18
3.15
3.07
3.14
3.02
3.05
3.02
3.11
3.06
2.97
3.10
3.01
2.97
3.05
3.00
3.06
3.07
3.05
3.15
3.09
3.17
3.12
3.02
3.15
3.14
3.22
3.40
3.44
3.37
3.16
3.03
3.02
2.89
2.97
2.92
2.93
3.57
4.61
5.00
3.00
2.77
2.39
2.41
2.78
2.91
2.81
2.91
2.86
2.93
2.92
2.88
2.89
2.91
2.96
3.02
2.95
3.04
3.02
3.04
3.05
2.98
3.00
2.97
2.95
3.11
2.95
3.00
2.96
2.92
3.05
2.96
2.96
3.01
2.93
3.07
2.95
2.97
3.05
2.92
2.97
2.93
2.95
3.00
2.98
3.02
2.92
2.96
2.96
2.93
3.01
3.13
3.11
3.30
3.29
3.29
3.19
2.96
2.94
2.80
2.86
2.86
2.74
3.14
4.41
5.00
3.46
2.14
1.96
2.17
2.54
2.69
2.65
2.76
2.74
2.78
2.92
2.81
2.87
2.94
2.94
3.00
2.94
3.06
3.07
3.05
3.11
3.02
3.07
3.08
2.96
3.12
2.99
2.93
3.07
2.96
3.05
3.02
2.97
3.06
3.00
3.07
3.09
3.08
3.12
3.13
3.19
3.19
3.13
3.18
3.06
3.07
3.02
3.13
3.21
3.23
3.48
3.53
3.32
3.29
3.10
2.95
3.00
2.89
2.87
2.89
3.90
5.00
4.62
2.42
1.99
2.18
2.69
2.77
2.74
2.86
2.86
2.96
2.95
3.00
3.02
2.97
3.13
3.09
3.14
3.20
3.16
3.21
3.22
3.14
3.21
3.10
3.13
3.12
3.03
3.04
2.97
3.04
3.08
2.98
3.06
3.06
3.06
3.05
3.05
3.05
3.08
3.07
3.12
3.01
3.11
2.97
3.07
3.04
2.96
3.01
3.01
3.00
3.13
3.19
3.39
3.35
3.31
3.19
3.00
2.96
2.90
2.88
2.92
2.84
3.60
5.00
5.00
3.03
2.20
2.13
2.64
2.65
2.82
2.79
2.82
2.95
2.83
2.91
2.90
2.87
2.96
2.92
2.93
2.98
3.02
3.05
3.05
3.07
3.05
3.00
3.03
2.96
2.97
3.02
2.95
3.00
2.97
2.94
3.00
2.93
2.94
2.97
2.97
3.00
2.93
3.03
3.03
2.94
3.03
2.97
3.07
3.00
2.94
3.01
2.92
2.95
3.13
3.13
3.25
3.38
3.30
3.20
2.97
2.88
2.79
2.73
2.81
2.68
3.02
4.33
5.00
3.56
2.12
1.96
2.21
2.49
2.65
2.58
2.67
2.71
2.67
2.82
2.81
2.86
2.88
2.84
2.93
2.95
2.99
3.06
3.01
3.07
3.14
3.07
3.11
3.01
3.06
3.07
2.99
3.06
3.01
3.00
3.02
3.00
3.07
3.07
3.06
3.11
3.03
3.12
3.11
3.10
3.14
3.07
3.10
2.98
2.97
3.06
2.96
2.97
3.08
3.04
3.19
3.23
3.42
3.37
3.23
3.12
2.97
2.92
3.00
2.86
2.86
3.29
4.48
5.00
2.92
2.62
2.19
2.29
2.68
2.74
2.79
2.82
2.85
2.93
2.89
2.98
2.94
2.90
3.07
2.99
3.05
3.07
3.05
3.19
3.02
3.11
3.11
3.00
3.06
3.00
2.99
3.02
2.98
3.07
3.02
3.03
3.13
3.05
3.02
3.09
3.03
3.14
3.01
3.09
3.12
3.06
3.12
3.05
3.07
3.05
3.03
3.23
3.10
3.31
3.40
3.27
3.34
3.08
2.97
2.95
2.89
2.93
2.84
3.15
4.28
5.00
3.52
2.72
2.38
2.26
2.62
2.88
2.90
2.88
2.95
2.97
2.97
3.05
2.97
3.05
3.10
3.10
3.26
3.18
3.31
3.33
3.30
3.37
3.31
3.33
3.38
3.25
3.33
3.21
3.26
3.31
3.25
3.30
3.21
3.30
3.27
3.27
3.45
3.33
3.32
3.35
3.23
3.33
3.26
3.34
3.38
3.25
3.30
3.22
3.23
3.30
3.37
3.55
3.69
3.65
3.61
3.43
3.34
3.29
3.25
3.36
3.28
3.49
4.37
5.00
4.88
2.98
2.82
2.74
3.00
3.32
3.28
3.32
3.35
3.30
3.40
3.57
3.51
3.60
3.54
3.58
3.58
3.47
3.62
3.54
3.58
3.59
3.58
3.64
3.57
3.48
3.48
3.28
3.37
3.26
3.23
3.32
3.29
3.38
3.43
3.49
3.60
3.62
3.65
3.73
3.72
3.87
3.81
3.98
4.02
3.99
4.01
3.98
4.00
4.03
3.97
4.19
4.22
4.39
4.42
4.24
4.23
4.01
3.90
3.87
3.79
3.87
3.79
4.06
5.00
5.00
5.00
3.14
2.75
3.34
3.58
3.61
3.68
3.61
3.74
3.69
3.71
3.81
3.70
3.74
3.66
3.68
3.73
3.68
3.74
3.65
3.64
3.68
3.60
3.64
3.51
3.52
3.56
3.44
3.46
3.44
3.47
3.49
3.47
3.49
3.54
3.45
3.46
3.37
3.35
3.45
3.35
3.35
3.38
3.30
3.31
3.18
3.25
3.25
3.18
3.28
3.19
3.19
3.24
3.25
3.46
3.47
3.60
3.54
3.38
3.32
3.09
3.06
3.06
2.97
2.94
3.10
4.23
5.00
4.58
2.43
2.00
2.33
2.73
2.68
2.74
2.79
2.79
2.83
2.82
2.87
2.93
2.94
2.92
2.94
3.02
3.06
3.01
3.03
3.01
2.96
2.98
2.93
2.96
2.99
2.87
2.97
2.88
2.96
2.97
2.93
2.94
2.87
2.89
2.93
2.89
2.92
2.88
2.86
2.86
2.80
2.88
2.83
2.74
2.76
2.71
2.74
2.66
2.65
2.71
2.67
2.71
2.73
2.82
3.00
3.06
3.07
3.06
2.80
2.77
2.55
2.52
2.55
2.36
2.62
3.48
4.69
3.75
2.00
1.77
1.67
2.03
2.20
2.17
2.28
2.29
2.31
2.41
2.32
2.43
2.52
2.54
2.61
2.57
2.71
2.89
2.82
2.89
2.83
2.85
2.83
2.71
2.80
2.78
2.65
2.72
2.70
2.76
2.77
2.71
2.81
2.77
2.85
2.85
2.87
2.88
2.83
2.87
2.88
2.89
2.98
2.88
2.97
2.94
2.87
2.99
2.92
2.91
2.95
2.96
3.09
3.10
3.25
3.27
3.09
3.00
2.84
2.78
2.80
2.74
2.71
2.92
3.75
4.95
3.72
2.38
2.39
2.08
2.52
2.76
2.86
2.88
2.83
2.91
2.93
2.92
2.90
2.88
2.93
2.93
2.94
3.00
2.98
3.11
3.06
3.05
3.10
2.97
2.97
2.97
2.88
2.94
2.86
2.91
2.97
2.93
3.02
3.03
3.02
3.01
2.99
3.10
3.06
3.13
3.13
3.04
3.11
3.06
3.05
3.14
3.00
3.02
3.02
2.89
3.02
2.91
2.91
2.93
3.07
3.12
3.15
3.30
3.30
3.18
3.07
2.93
2.93
2.86
2.72
2.73
3.03
4.28
5.00
3.00
2.19
1.87
2.12
2.53
2.53
2.55
2.64
2.63
2.79
2.76
2.84
2.93
2.82
2.96
2.92
2.94
2.99
2.98
3.10
3.06
3.05
3.05
2.97
3.00
2.95
2.92
2.92
2.91
2.98
2.97
2.87
3.00
2.95
2.95
2.96
2.93
3.11
2.99
3.03
3.09
3.03
3.05
3.07
3.07
3.13
3.06
3.04
3.12
3.13
3.20
3.14
3.21
3.23
3.27
3.43
3.46
3.60
3.69
3.60
3.55
3.32
3.26
3.16
3.06
3.13
3.05
3.51
4.90
5.00
3.65
2.29
2.20
2.69
2.84
2.97
2.93
2.96
3.10
3.06
3.20
3.18
3.18
3.29
3.28
3.37
3.45
3.35
3.55
3.47
3.39
3.44
3.35
3.29
3.31
3.28
3.30
3.23
3.37
3.38
3.41
3.53
3.55
3.61
3.68
3.64
3.77
3.74
3.79
3.86
3.79
3.83
3.80
3.79
3.81
3.71
3.85
3.73
3.58
3.64
3.51
3.44
3.39
3.42
3.50
3.37
3.46
3.38
3.55
3.65
3.70
3.77
3.72
3.47
3.48
3.32
3.28
3.33
3.19
3.23
3.89
5.00
5.00
3.21
2.28
2.27
2.65
2.95
2.84
2.93
3.01
3.02
3.07
3.09
3.11
3.15
3.12
3.24
3.20
3.26
3.33
3.33
3.37
3.28
3.31
3.25
3.23
3.21
3.16
3.19
3.23
3.13
3.13
3.15
3.15
3.24
3.17
3.23
3.20
3.19
3.32
3.23
3.32
3.34
3.32
3.33
3.20
3.12
3.11
3.06
3.07
3.09
3.07
3.10
2.97
3.00
3.00
2.97
3.05
2.98
3.02
3.11
3.13
3.32
3.23
3.33
3.20
2.96
3.01
2.88
2.85
2.86
2.74
3.55
4.88
4.97
2.90
2.28
2.21
2.56
2.74
2.79
2.79
2.85
2.81
2.81
2.98
2.86
2.92
3.00
2.99
3.04
2.97
3.05
3.05
3.05
3.11
3.05
3.04
3.02
2.96
3.01
2.87
2.88
2.95
2.83
2.89
2.88
2.86
2.90
2.90
2.92
2.92
2.92
2.96
2.91
2.87
2.94
2.83
2.91
2.87
2.91
2.91
2.84
2.92
2.83
2.87
2.95
2.91
2.94
3.02
3.14
3.25
3.19
3.09
2.94
2.81
2.77
2.71
2.74
2.64
2.83
3.79
4.82
3.75
2.32
2.23
1.89
2.20
2.43
2.50
2.50
2.52
2.54
2.52
2.63
2.53
2.53
2.55
2.42
2.55
2.48
2.52
2.55
2.53
2.55
2.56
2.53
2.53
2.52
2.53
2.48
2.45
2.53
2.42
2.47
2.50
2.55
2.52
2.48
2.53
2.56
2.51
2.57
2.56
2.67
2.61
2.61
2.67
2.58
2.62
2.71
2.84
2.93
3.00
3.14
2.98
2.80
2.78
2.70
2.70
2.73
2.60
2.89
3.94
4.75
3.39
2.27
2.24
1.91
2.25
2.56
2.51
2.61
2.70
2.58
2.77
2.74
2.79
2.77
2.73
2.77
2.87
2.88
2.93
2.89
2.93
2.91
2.91
2.97
2.86
2.97
2.93
2.94
3.01
2.96
3.00
3.01
3.02
3.13
3.06
3.13
3.18
3.07
3.13
3.12
3.12
3.12
3.05
3.11
3.05
3.11
3.14
3.00
3.09
3.05
3.14
3.26
3.29
3.53
3.42
3.39
3.25
3.09
2.97
3.02
2.88
3.00
2.95
3.60
4.90
4.68
2.66
2.33
2.08
2.42
2.60
2.74
2.71
2.79
2.85
2.82
2.88
2.91
2.90
2.96
2.96
3.04
3.07
3.09
3.19
3.13
3.14
3.13
3.05
3.02
2.98
2.93
2.97
2.92
2.97
2.95
2.93
3.05
2.97
3.05
3.05
3.08
3.15
3.00
3.09
3.07
3.12
3.12
3.10
3.10
3.12
2.99
3.01
2.95
2.88
2.94
2.91
2.96
2.95
3.05
3.12
3.21
3.35
3.24
3.12
3.01
2.94
2.94
2.98
3.04
3.09
3.58
5.00
5.00
3.50
2.26
2.25
2.61
2.89
2.83
2.91
2.86
2.94
3.04
2.93
3.03
2.97
2.92
3.02
3.05
3.04
3.06
3.15
3.14
3.13
3.18
3.09
3.06
3.10
3.00
3.01
3.02
2.93
3.00
2.96
2.97
3.01
2.97
3.05
3.02
3.04
2.96
2.99
3.12
3.05
3.06
3.14
3.06
3.08
3.05
3.04
3.04
2.96
3.02
3.02
3.05
3.11
3.04
3.06
3.09
3.12
3.23
3.22
3.40
3.38
3.29
3.15
2.97
2.91
2.94
2.80
2.91
2.84
3.54
5.00
5.00
2.89
2.04
2.07
2.52
2.68
2.73
2.81
2.79
2.84
2.87
2.91
2.91
2.88
3.00
2.96
3.05
3.12
3.04
3.15
3.14
3.11
3.10
3.06
3.07
3.06
3.02
3.13
2.97
3.05
3.06
3.07
3.14
3.11
3.13
3.13
3.07
3.15
3.17
3.16
3.18
3.06
3.18
3.15
3.13
3.18
3.07
3.17
3.12
3.11
3.20
3.14
3.26
3.29
3.23
3.24
3.17
3.11
3.14
3.12
3.23
3.24
3.33
3.48
3.39
3.35
3.14
3.10
3.06
2.94
3.00
2.91
3.24
4.63
5.00
3.16
2.55
2.11
2.37
2.61
2.73
2.77
2.69
2.84
2.84
2.84
2.96
2.91
2.96
2.93
3.00
3.06
3.02
3.04
3.10
3.05
3.13
3.10
3.06
3.04
3.00
3.01
2.90
2.89
2.96
2.83
2.92
2.92
2.91
2.92
2.89
2.97
2.95
2.92
3.05
3.02
3.06
3.00
2.96
3.03
2.96
2.98
2.93
2.96
2.96
2.91
2.91
2.96
2.82
3.06
3.03
3.14
3.26
3.13
3.03
2.92
2.79
2.77
2.68
2.74
2.62
3.02
4.18
4.86
3.30
2.56
2.30
2.22
2.54
2.70
2.77
2.71
2.79
2.78
2.81
2.85
2.82
2.91
2.90
2.95
3.02
2.91
3.04
3.07
3.03
3.13
3.07
3.06
3.09
3.00
2.95
2.97
2.93
2.96
2.93
3.06
3.00
3.06
3.06
3.02
3.18
3.09
3.06
3.17
3.09
3.13
3.06
3.13
3.13
3.05
3.10
3.09
3.07
3.13
3.07
3.14
3.16
3.14
3.29
3.27
3.46
3.61
3.53
3.43
3.19
3.15
3.09
2.97
3.06
2.96
3.27
4.58
5.00
3.97
2.32
2.09
2.41
2.71
2.80
2.74
2.83
2.88
2.86
2.92
2.92
2.84
3.00
2.99
3.06
3.05
3.09
3.23
3.20
3.18
3.24
3.18
3.19
3.20
3.09
3.10
3.09
3.07
3.09
2.97
3.13
3.06
3.03
3.05
2.97
3.03
2.98
3.03
3.13
3.01
3.15
3.04
3.12
3.13
3.06
3.06
3.06
3.03
3.07
2.89
3.05
3.00
3.00
3.12
3.07
3.25
3.38
3.46
3.66
3.46
3.47
3.23
3.13
3.12
3.07
3.05
3.02
3.20
4.58
5.00
4.20
2.37
2.10
2.43
2.67
2.78
2.85
2.74
2.83
2.82
2.83
2.93
2.96
2.96
3.02
3.06
3.11
3.09
3.11
3.15
3.07
3.15
3.07
3.06
3.09
3.03
3.07
2.97
2.93
3.04
2.95
2.96
2.90
2.97
3.01
2.86
2.96
3.03
3.03
2.99
3.01
3.04
3.07
2.98
3.04
2.97
3.02
3.02
2.98
3.04
3.06
3.06
3.13
3.07
3.11
3.11
3.06
3.21
3.26
3.35
3.50
3.46
3.42
3.23
3.07
3.00
2.97
3.07
2.88
3.02
3.84
5.00
5.00
2.75
2.23
2.28
2.55
2.76
2.77
2.86
2.97
2.87
2.96
2.93
2.95
3.03
2.93
3.07
3.08
3.02
3.13
3.11
3.14
3.15
3.16
3.20
3.07
3.09
3.18
3.05
3.09
3.06
2.95
3.04
2.95
3.02
2.94
3.00
3.01
3.02
3.09
3.14
3.09
3.17
3.14
3.23
3.24
3.19
3.24
3.23
3.15
3.21
3.15
3.21
3.16
3.16
3.18
3.13
3.19
3.17
3.28
3.32
3.44
3.46
3.32
3.13
3.09
2.94
2.93
2.96
2.88
3.09
3.84
5.00
4.65
2.74
2.68
2.29
2.63
2.94
2.89
2.92
3.02
3.02
3.07
3.04
3.11
3.11
3.11
3.17
3.17
3.26
3.30
3.30
3.38
3.31
3.30
3.39
3.34
3.37
3.32
3.30
3.35
3.31
3.38
3.38
3.35
3.44
3.38
3.40
3.45
3.46
3.52
3.47
3.54
3.55
3.60
3.68
3.56
3.55
3.54
3.39
3.54
3.46
3.44
3.54
3.55
3.74
3.74
3.83
4.00
3.84
3.84
3.59
3.39
3.43
3.32
3.37
3.32
3.47
4.48
5.00
4.49
3.09
2.89
2.56
2.98
3.20
3.26
3.23
3.30
3.34
3.35
3.37
3.32
3.37
3.38
3.29
3.37
3.37
3.34
3.38
3.31
3.34
3.33
3.30
3.30
3.27
3.32
3.23
3.21
3.33
3.18
3.25
3.13
3.18
3.32
3.19
3.27
3.28
3.17
3.29
3.21
3.19
3.27
3.13
3.31
3.16
3.25
3.26
3.16
3.32
3.23
3.26
3.28
3.23
3.32
3.30
3.40
3.53
3.52
3.65
3.50
3.29
3.17
3.01
3.03
3.03
2.94
3.06
3.62
5.00
5.00
3.12
2.28
2.17
2.55
2.80
2.74
2.89
2.81
2.91
2.84
2.80
2.85
2.91
2.81
2.93
2.91
2.97
3.02
2.98
3.10
2.99
3.06
2.97
2.93
3.01
2.85
2.95
2.92
2.86
2.93
2.83
2.88
3.00
2.95
2.94
2.99
2.97
3.04
2.97
3.07
3.00
2.99
3.13
3.06
3.05
3.05
2.94
3.00
2.88
2.83
2.83
2.79
2.84
2.82
2.76
2.94
2.92
3.02
3.09
3.02
3.02
2.83
2.72
2.65
2.57
2.67
2.47
2.73
3.78
5.00
4.16
2.02
1.68
1.87
2.20
2.39
2.36
2.39
2.49
2.47
2.60
2.60
2.60
2.76
2.64
2.79
2.84
2.86
2.99
3.00
3.11
3.07
3.03
3.07
3.10
3.12
3.04
2.93
2.97
2.91
2.95
2.94
2.74
2.90
2.83
2.78
2.90
2.81
2.91
2.91
2.89
2.97
2.96
2.96
3.01
2.87
2.89
2.84
2.85
2.88
2.75
2.87
2.84
2.82
2.83
2.85
2.94
3.00
3.02
3.21
3.11
3.15
2.96
2.75
2.78
2.71
2.70
2.60
2.62
3.24
4.47
4.55
2.38
2.22
1.81
2.09
2.35
2.45
2.42
2.58
2.53
2.60
2.66
2.59
2.66
2.70
2.66
2.73
2.70
2.83
2.82
2.81
2.84
2.79
2.85
2.91
2.80
2.88
2.80
2.78
2.77
2.69
2.86
2.83
2.77
2.92
2.90
2.97
2.94
2.94
3.03
2.96
3.03
3.05
2.96
3.06
2.98
3.02
3.02
3.00
3.00
3.00
3.02
3.17
3.13
3.38
3.42
3.32
3.26
3.07
3.04
2.98
2.97
3.09
2.96
3.46
4.65
5.00
3.54
2.88
2.61
2.67
2.97
3.16
3.12
3.16
3.30
3.21
3.35
3.33
3.35
3.51
3.47
3.54
3.55
3.64
3.71
3.61
3.66
3.65
3.56
3.60
3.56
3.39
3.38
3.24
3.29
3.23
3.29
3.33
3.27
3.35
3.29
3.30
3.29
3.24
3.35
3.34
3.24
3.33
3.24
3.24
3.24
3.17
3.23
3.12
3.15
3.21
3.15
3.19
3.13
3.21
3.31
3.29
3.38
3.31
3.50
3.66
3.58
3.90
3.81
3.65
3.54
3.28
3.26
3.23
3.23
3.21
3.35
4.45
5.00
5.00
3.05
2.47
2.70
3.00
2.99
3.13
3.09
3.14
3.14
3.12
3.20
3.11
3.02
3.12
3.00
3.02
3.07
3.02
3.11
3.12
3.13
3.14
3.03
3.13
3.00
3.05
3.02
2.92
2.97
2.88
2.92
2.99
2.88
3.00
2.91
2.96
2.96
2.89
2.95
2.93
2.96
2.96
2.88
2.91
2.88
2.88
2.87
2.81
2.88
2.88
2.86
2.96
3.02
2.97
3.15
3.19
3.30
3.29
3.24
3.19
3.01
2.96
2.88
2.79
2.86
2.71
3.09
4.40
5.00
3.48
2.00
1.82
2.09
2.38
2.45
2.44
2.52
2.59
2.55
2.60
2.53
2.52
2.58
2.47
2.59
2.56
2.52
2.67
2.65
2.70
2.61
2.59
2.60
2.55
2.56
2.50
2.42
2.52
2.50
2.52
2.58
2.50
2.57
2.59
2.62
2.76
2.71
2.77
2.76
2.67
2.71
2.64
2.73
2.73
2.69
2.71
2.65
2.65
2.64
2.58
2.68
2.67
2.66
2.77
2.78
2.93
3.03
3.06
3.10
2.91
2.82
2.78
2.71
2.86
2.82
3.05
3.68
4.99
4.89
2.78
2.55
2.19
2.39
2.73
2.76
2.74
2.80
2.73
2.83
2.79
2.86
2.96
2.87
3.00
3.06
3.02
3.14
3.09
3.12
3.13
3.05
3.14
3.06
3.09
3.14
3.13
3.04
2.97
2.98
2.90
2.78
2.84
2.75
2.71
2.79
2.71
2.79
2.79
2.83
2.85
2.82
2.97
3.05
3.09
3.21
3.12
3.23
3.18
3.13
3.19
3.26
3.25
3.42
3.49
3.49
3.30
3.12
3.04
2.94
2.94
2.91
2.88
3.25
4.30
5.00
3.45
2.61
2.45
2.33
2.83
3.11
3.13
3.24
3.21
3.28
3.29
3.19
3.31
3.21
3.29
3.34
3.29
3.34
3.25
3.30
3.37
3.25
3.32
3.33
3.24
3.21
3.15
3.21
3.25
3.16
3.31
3.25
3.24
3.33
3.25
3.38
3.47
3.42
3.52
3.48
3.52
3.53
3.47
3.51
3.47
3.47
3.49
3.33
3.38
3.26
3.29
3.29
3.23
3.25
3.19
3.20
3.33
3.41
3.55
3.60
3.55
3.48
3.21
3.15
3.12
3.05
3.11
2.91
3.13
4.28
5.00
4.50
2.37
2.09
2.30
2.67
2.80
2.82
3.06
3.14
3.10
3.21
3.19
3.11
3.06
3.00
3.09
3.07
3.04
3.14
3.06
3.14
3.08
3.02
3.03
2.93
2.84
2.86
2.74
2.71
2.60
2.62
2.61
2.60
2.62
2.65
2.58
2.64
2.57
2.56
2.58
2.60
2.78
2.73
2.79
2.70
2.74
2.67
2.61
2.61
2.60
2.53
2.61
2.53
2.58
2.59
2.64
2.73
2.71
2.82
3.03
3.06
3.08
3.02
2.87
2.73
2.56
2.61
2.64
2.59
2.57
3.05
4.54
5.00
3.07
1.94
1.70
2.11
2.41
2.32
2.38
2.32
2.54
2.65
2.64
2.74
2.69
2.74
2.86
2.80
2.90
3.02
2.99
3.11
3.00
3.05
3.01
2.91
2.96
2.85
2.91
2.88
2.82
2.92
2.85
2.88
2.93
2.75
2.83
2.73
2.67
2.77
2.64
2.73
2.80
2.74
2.89
2.77
2.82
2.82
2.74
2.82
2.74
2.71
2.73
2.71
2.74
2.71
2.73
2.80
2.71
2.83
2.71
2.72
2.74
2.62
2.70
2.64
2.60
2.80
2.92
3.00
3.06
2.95
2.92
2.74
2.65
2.69
2.65
2.64
3.04
4.34
4.92
2.81
2.20
1.86
2.12
2.48
2.52
2.55
2.54
2.66
2.73
2.61
2.73
2.82
2.80
2.91
2.88
2.93
2.97
2.89
3.04
2.88
2.92
2.91
2.88
2.88
2.79
2.80
2.76
2.67
2.72
2.67
2.65
2.70
2.62
2.71
2.71
2.60
2.71
2.68
2.66
2.71
2.68
2.78
2.70
2.79
2.79
2.73
2.76
2.74
2.76
2.77
2.72
2.83
2.75
2.81
2.80
2.70
2.77
2.71
2.71
2.79
2.76
2.83
2.91
3.04
3.14
3.10
3.04
2.95
2.78
2.83
2.72
2.74
2.76
3.01
4.32
5.00
3.27
2.48
2.01
2.24
2.62
2.71
2.74
2.70
2.85
2.95
2.86
2.93
2.93
2.90
2.91
2.93
2.96
3.06
3.07
3.02
2.98
3.06
3.03
2.98
3.00
2.91
2.97
2.91
2.94
2.97
2.90
2.91
2.88
2.85
2.93
2.92
2.94
2.98
2.91
3.00
2.94
3.00
3.06
3.03
3.07
3.02
2.98
3.03
2.97
2.98
2.96
2.93
3.02
2.86
2.97
2.93
2.86
2.88
2.84
2.87
2.91
2.84
2.94
2.96
3.00
3.25
3.25
3.21
3.09
2.91
2.92
2.80
2.88
2.88
2.81
3.24
4.46
5.00
3.80
2.46
2.23
2.36
2.71
2.93
2.91
3.02
3.02
3.10
3.13
3.11
3.19
3.24
3.32
3.37
3.29
3.47
3.43
3.46
3.51
3.44
3.52
3.46
3.37
3.48
3.32
3.40
3.33
3.30
3.37
3.44
3.46
3.47
3.37
3.53
3.46
3.47
3.54
3.54
3.58
3.61
3.56
3.59
3.52
3.58
3.56
3.50
3.49
3.40
3.43
3.37
3.44
3.44
3.29
3.31
3.31
3.21
3.25
3.25
3.25
3.32
3.32
3.45
3.52
3.61
3.59
3.48
3.35
3.18
3.07
3.05
3.02
3.03
3.34
4.33
5.00
3.79
2.78
2.58
2.40
2.79
2.88
3.00
2.97
3.00
3.09
3.09
3.05
3.15
3.07
3.22
3.33
3.38
3.57
3.55
3.59
3.53
3.46
3.45
3.28
3.19
3.20
3.04
3.08
2.94
2.94
2.96
2.77
2.83
2.83
2.83
2.84
2.77
2.89
2.86
2.78
2.87
2.78
2.78
2.81
2.69
2.83
2.66
2.71
2.73
2.71
2.78
2.75
2.79
2.81
2.79
2.88
2.86
2.89
3.03
3.05
3.23
3.17
3.06
2.92
2.76
2.74
2.73
2.62
2.67
2.85
3.90
4.88
3.50
2.30
1.93
1.76
2.20
2.30
2.44
2.38
2.38
2.52
2.43
2.44
2.50
2.55
2.60
2.57
2.65
2.71
2.71
2.77
2.73
2.78
2.79
2.84
2.79
2.70
2.71
2.70
2.65
2.69
2.70
2.65
2.74
2.74
2.74
2.77
2.77
2.85
2.82
2.82
2.88
2.76
2.84
2.82
2.77
2.89
2.79
2.89
2.74
2.77
2.85
2.71
2.74
2.79
2.77
2.85
2.88
2.97
3.06
3.15
3.34
3.20
3.25
3.14
3.00
2.98
2.82
2.87
2.91
2.77
3.32
4.75
5.00
3.68
2.14
2.13
2.45
2.70
2.77
2.74
2.81
2.85
2.79
2.92
2.84
2.94
2.98
2.91
2.99
3.03
3.07
3.13
3.01
3.10
3.11
3.00
3.02
2.96
3.01
2.91
2.92
3.00
2.83
3.00
3.01
2.95
3.00
2.92
2.94
2.97
2.88
3.00
2.92
2.96
3.00
2.94
3.00
2.92
2.92
2.96
2.88
2.90
2.86
2.89
2.90
2.86
2.87
2.85
2.88
2.93
2.91
3.12
3.19
3.15
3.00
2.79
2.77
2.71
2.65
2.70
2.62
2.99
4.32
5.00
3.88
2.19
1.96
2.38
2.60
2.62
2.70
2.70
2.84
2.73
2.81
2.83
2.82
2.92
2.93
3.00
3.10
3.07
3.21
3.16
3.14
3.19
3.11
3.11
3.07
2.97
3.05
3.00
2.98
2.92
2.88
3.03
2.91
2.98
3.00
3.01
3.11
3.00
3.09
3.21
3.19
3.18
3.15
3.21
3.30
3.26
3.31
3.29
3.24
3.35
3.30
3.31
3.27
3.20
3.25
3.11
3.11
3.09
3.05
3.09
3.14
3.34
3.32
3.29
3.20
2.92
2.91
2.84
2.80
2.77
2.73
3.50
5.00
4.96
2.77
2.14
2.08
2.45
2.60
2.71
2.70
2.71
2.77
2.78
2.90
2.88
2.79
2.88
2.79
2.88
2.91
2.84
2.98
2.94
2.92
2.93
2.87
2.89
2.79
2.76
2.79
2.70
2.76
2.78
2.74
2.83
2.78
2.82
2.89
2.86
2.95
2.95
3.05
3.09
3.05
3.12
3.07
3.09
3.13
3.04
3.13
3.12
3.09
3.13
3.07
3.09
3.08
3.04
3.13
3.05
3.14
3.12
3.10
3.28
3.46
3.54
3.54
3.42
3.29
3.14
3.12
3.12
3.07
3.07
3.32
4.65
5.00
4.06
2.50
2.29
2.47
2.85
2.83
2.96
3.02
3.02
3.03
3.05
3.00
3.05
3.10
3.17
3.11
3.18
3.30
3.19
3.29
3.17
3.13
3.25
3.13
3.11
3.14
3.04
3.09
3.02
3.01
3.09
3.03
3.10
3.04
3.10
3.11
3.06
3.14
3.13
3.11
3.21
3.10
3.21
3.19
3.21
3.27
3.20
3.23
3.21
3.17
3.21
3.20
3.23
3.21
3.23
3.32
3.30
3.24
3.33
3.32
3.55
3.54
3.52
3.49
3.23
3.27
3.13
3.13
3.07
2.97
3.32
4.42
5.00
3.75
2.62
2.42
2.42
2.77
2.88
2.88
2.98
3.06
3.03
3.12
3.11
3.10
3.19
3.11
3.25
3.29
3.28
3.42
3.52
3.47
3.32
3.25
3.27
3.17
3.20
3.23
3.15
3.14
3.06
3.11
3.09
3.06
3.07
3.09
3.20
3.18
3.07
3.24
3.20
3.18
3.25
3.11
3.23
3.20
3.23
3.27
3.21
3.23
3.33
3.27
3.35
3.18
3.32
3.24
3.31
3.54
3.57
3.55
3.65
3.31
3.19
3.05
3.03
3.02
2.94
3.05
3.64
4.75
4.79
2.71
2.74
2.26
2.34
2.71
2.74
2.83
2.86
2.83
2.90
2.88
2.92
2.93
2.92
3.01
2.96
3.00
3.11
3.05
3.11
2.96
3.00
3.06
2.98
3.02
3.04
2.95
3.00
2.90
2.99
3.05
2.99
3.07
3.10
3.10
3.16
3.11
3.19
3.16
3.16
3.23
3.10
3.17
3.20
3.17
3.24
3.20
3.24
3.26
3.15
3.23
3.18
3.18
3.24
3.25
3.47
3.39
3.34
3.24
3.04
3.07
2.96
2.95
2.94
2.83
3.32
4.34
4.89
3.02
2.49
2.15
2.14
2.43
2.67
2.74
2.92
2.97
2.96
2.98
2.88
2.84
2.85
2.78
2.92
2.85
2.90
2.92
2.91
2.96
2.88
2.89
2.96
2.88
2.90
2.93
2.87
2.93
2.86
2.93
3.02
2.99
3.12
3.05
3.09
3.18
3.13
3.23
3.17
3.18
3.25
3.19
3.23
3.09
3.02
3.18
3.11
3.14
3.11
3.16
3.16
3.05
3.14
3.10
3.03
3.25
3.24
3.47
3.70
3.60
3.68
3.50
3.31
3.32
3.24
3.23
3.19
3.15
3.78
5.00
5.00
3.46
2.41
2.35
2.61
2.94
2.97
2.91
2.98
2.89
3.06
3.09
3.06
3.11
3.06
3.13
3.24
3.19
3.30
3.28
3.36
3.36
3.29
3.31
3.19
3.16
3.18
3.06
3.16
3.13
3.11
3.31
3.29
3.32
3.37
3.20
3.30
3.25
3.26
3.36
3.36
3.40
3.38
3.37
3.38
3.31
3.34
3.31
3.30
3.30
3.21
3.29
3.25
3.24
3.42
3.35
3.40
3.51
3.43
3.66
3.68
3.66
