2.37
2.42
2.56
2.64
2.60
2.70
2.69
2.80
2.73
2.66
2.72
2.68
2.49
2.50
2.47
2.44
2.50
2.44
2.43
2.43
2.50
2.47
2.43
2.50
2.39
2.45
2.41
2.42
2.47
2.44
2.49
2.53
2.53
2.56
2.55
2.59
2.56
2.61
2.61
2.59
2.58
2.61
2.55
2.58
2.62
2.59
2.65
2.62
2.66
2.65
2.67
2.71
2.65
2.67
2.76
2.84
2.96
2.88
2.93
2.82
2.77
2.71
2.58
2.64
2.70
2.70
3.30
4.57
4.55
2.72
2.32
2.15
2.48
2.70
2.71
2.68
2.72
2.72
2.74
2.78
2.73
2.79
2.83
2.85
2.92
2.90
2.98
3.07
3.11
3.19
3.16
3.25
3.23
3.15
3.07
2.95
2.82
2.88
2.76
2.82
2.84
2.79
2.88
2.83
2.84
2.90
2.86
2.90
2.88
2.85
2.89
2.85
2.86
2.86
2.84
2.86
2.87
2.82
2.84
2.87
2.88
2.86
2.88
2.85
2.81
2.88
2.83
2.86
2.85
2.88
2.90
2.86
2.85
2.84
2.84
2.88
2.82
2.82
2.98
3.01
3.15
3.21
3.09
3.01
2.86
2.87
2.84
2.79
2.88
2.87
3.44
4.58
4.74
2.94
2.53
2.26
2.52
2.72
2.76
2.79
2.83
2.86
2.88
2.92
2.91
2.93
3.00
2.99
3.07
3.11
3.18
3.25
3.27
3.29
3.33
3.31
3.29
3.23
3.13
3.03
2.93
2.88
2.83
2.84
2.86
2.85
2.92
2.84
2.85
2.91
2.86
2.87
2.86
2.91
2.88
2.84
2.89
2.90
2.85
2.88
2.80
2.87
2.86
2.81
2.86
2.86
2.90
2.87
2.82
2.88
2.85
2.88
2.86
2.84
2.90
2.85
2.84
2.89
2.84
2.88
2.87
2.88
2.91
2.92
3.02
3.07
3.10
3.09
2.93
2.91
2.83
2.77
2.78
2.77
2.82
3.24
4.43
4.87
3.01
2.46
2.20
2.41
2.64
2.67
2.67
2.78
2.71
2.73
2.74
2.78
2.86
2.84
2.91
3.00
2.97
3.15
3.12
3.18
3.20
3.23
3.21
3.21
3.23
3.11
2.93
2.85
2.79
2.70
2.76
2.76
2.73
2.73
2.71
2.73
2.71
2.73
2.72
2.74
2.70
2.77
2.74
2.71
2.74
2.79
2.77
2.71
2.72
2.73
2.74
2.70
2.72
2.70
2.55
2.74
2.71
2.69
2.68
2.72
2.75
2.70
2.71
2.76
2.76
2.73
2.76
2.70
2.78
2.70
2.76
2.74
2.84
2.94
3.00
2.88
3.11
2.84
2.86
2.71
2.74
2.73
2.66
2.77
3.25
4.54
4.66
2.85
2.46
2.21
2.33
2.73
2.58
2.49
2.78
2.72
2.78
2.74
2.71
2.83
2.81
2.86
2.85
2.92
3.00
2.97
3.09
3.16
3.13
3.15
3.11
3.01
2.88
3.02
2.82
2.72
2.70
2.71
2.54
2.64
2.69
2.58
2.66
2.64
2.67
2.61
2.67
2.69
2.61
2.62
2.65
2.60
2.55
2.61
2.64
2.66
2.61
2.65
2.59
2.55
2.55
2.51
2.50
2.45
2.55
2.61
2.50
2.56
2.56
2.57
2.64
2.57
2.71
2.77
2.88
2.91
2.78
2.79
2.65
2.64
2.65
2.66
2.71
2.73
3.00
4.01
4.97
3.74
2.65
2.56
2.39
2.64
2.79
2.82
2.88
2.91
2.93
2.89
2.96
3.02
2.99
3.06
3.02
3.11
3.06
3.19
3.19
3.25
3.33
3.31
3.31
3.24
3.12
3.12
2.97
2.93
2.86
2.85
2.87
2.82
2.84
2.83
2.78
2.77
2.79
2.77
2.79
2.77
2.83
2.83
2.82
2.84
2.79
2.85
2.83
2.78
2.81
2.82
2.79
2.78
2.77
2.77
2.75
2.84
2.91
2.96
3.03
3.01
2.96
2.78
2.71
2.68
2.64
2.65
2.65
2.71
3.52
4.58
4.26
2.58
2.69
2.19
2.34
2.59
2.70
2.67
2.72
2.79
2.74
2.83
2.79
2.80
2.90
2.86
2.96
2.93
3.02
3.10
3.04
3.12
3.11
3.09
3.06
2.96
2.88
2.83
2.73
2.71
2.70
2.67
2.69
2.63
2.73
2.67
2.71
2.72
2.72
2.71
2.82
2.76
2.78
2.79
2.83
2.83
2.84
2.87
2.85
2.78
2.79
2.79
2.79
2.78
2.81
2.82
2.86
2.90
2.97
3.07
3.05
2.97
2.88
2.80
2.72
2.76
2.69
2.71
2.76
3.19
4.40
4.65
2.87
2.68
2.25
2.37
2.61
2.73
2.72
2.71
2.78
2.77
2.83
2.81
2.90
2.95
3.02
3.01
3.07
3.06
3.12
3.19
3.20
3.19
3.20
3.13
3.07
2.97
3.02
2.84
2.82
2.82
2.75
2.78
2.78
2.77
2.76
2.74
2.84
2.77
2.78
2.82
2.79
2.85
2.79
2.82
2.83
2.83
2.78
2.79
2.79
2.78
2.78
2.74
2.74
2.74
2.81
2.74
2.74
2.73
2.71
2.74
2.71
2.71
2.76
2.67
2.76
2.79
2.84
2.95
3.09
3.03
2.93
2.88
2.79
2.71
2.70
2.67
2.69
2.86
3.75
4.87
4.09
2.51
2.43
2.16
2.41
2.69
2.64
2.68
2.70
2.72
2.81
2.77
2.83
2.84
2.88
2.91
2.91
2.97
2.97
3.00
3.09
3.10
3.15
3.14
3.07
3.06
2.96
2.84
2.74
2.71
2.70
2.63
2.67
2.69
2.68
2.68
2.66
2.64
2.69
2.68
2.73
2.70
2.74
2.78
2.76
2.77
2.80
2.81
2.82
2.77
2.82
2.80
2.78
2.81
2.77
2.78
2.78
2.73
2.77
2.77
2.78
2.82
2.79
2.80
2.79
2.80
2.86
2.79
2.86
2.84
2.80
2.83
2.79
2.78
2.88
2.88
2.96
3.04
3.06
3.05
2.89
2.83
2.71
2.68
2.74
2.71
2.80
3.33
4.62
4.90
2.88
2.53
2.19
2.38
2.70
2.66
2.73
2.75
2.74
2.80
2.85
2.81
2.88
2.86
2.91
2.93
2.97
3.12
3.12
3.19
3.21
3.20
3.30
3.16
3.20
3.13
2.98
2.96
2.85
2.83
2.76
2.77
2.82
2.78
2.75
2.78
2.77
2.80
2.82
2.79
2.88
2.79
2.87
2.85
2.79
2.86
2.85
2.86
2.83
2.83
2.86
2.83
2.80
2.84
2.78
2.84
2.74
2.78
2.81
2.78
2.84
2.77
2.82
2.83
2.83
2.83
2.84
2.84
2.86
2.79
2.85
2.84
2.81
2.92
2.93
3.04
3.13
3.11
3.10
2.92
2.93
2.89
2.79
2.84
2.77
2.83
3.62
4.84
4.71
2.68
2.45
2.27
2.50
2.71
2.76
2.79
2.82
2.82
2.84
2.86
2.88
2.98
2.98
3.02
3.11
3.11
3.14
3.16
3.26
3.28
3.27
3.25
3.23
3.18
3.11
2.98
2.93
2.85
2.79
2.83
2.82
2.87
2.87
2.80
2.91
2.93
2.89
2.92
2.92
2.97
2.95
3.04
3.02
2.96
3.06
3.03
2.94
3.04
2.96
3.00
2.97
3.00
3.07
2.98
3.13
3.00
3.07
3.13
3.06
3.02
3.17
3.01
2.97
3.07
3.06
3.02
3.02
3.09
3.01
3.06
3.21
3.05
3.32
3.35
3.24
3.17
3.03
2.86
2.85
2.90
2.75
2.65
3.02
4.24
5.00
3.97
2.29
2.08
2.36
2.64
2.64
2.70
2.71
2.68
2.73
2.83
2.83
2.79
2.94
2.88
2.93
3.03
3.04
2.97
3.10
3.12
3.13
3.13
3.15
3.05
2.96
2.91
2.79
2.72
2.68
2.65
2.65
2.56
2.71
2.71
2.64
2.66
2.68
2.66
2.61
2.55
2.66
2.55
2.65
2.60
2.55
2.62
2.62
2.61
2.62
2.60
2.67
2.59
2.67
2.59
2.64
2.65
2.62
2.68
2.62
2.61
2.68
2.64
2.64
2.70
2.60
2.70
2.71
2.65
2.78
2.80
2.89
2.98
2.96
2.92
2.76
2.70
2.60
2.66
2.58
2.56
2.71
3.60
4.89
4.24
2.41
2.13
2.17
2.41
2.54
2.51
2.53
2.61
2.59
2.64
2.65
2.72
2.74
2.73
2.79
2.82
2.86
2.99
3.00
3.13
3.08
3.14
3.18
3.06
3.02
2.96
2.82
2.77
2.74
2.68
2.66
2.60
2.61
2.64
2.62
2.61
2.62
2.60
2.68
2.56
2.67
2.67
2.69
2.78
2.71
2.78
2.71
2.73
2.78
2.72
2.71
2.75
2.70
2.73
2.70
2.71
2.71
2.65
2.72
2.70
2.70
2.65
2.71
2.74
2.71
2.70
2.72
2.78
2.87
2.93
3.03
3.05
2.96
2.82
2.76
2.70
2.71
2.71
2.68
2.82
3.65
4.94
4.26
2.50
2.14
2.09
2.53
2.60
2.60
2.71
2.64
2.71
2.74
2.73
2.73
2.78
2.81
2.85
2.85
2.88
2.93
3.03
3.04
3.05
3.14
3.11
3.03
3.01
2.86
2.86
2.73
2.71
2.71
2.69
2.67
2.64
2.68
2.69
2.64
2.71
2.70
2.72
2.76
2.73
2.77
2.77
2.73
2.80
2.76
2.74
2.72
2.67
2.75
2.68
2.70
2.74
2.65
2.73
2.65
2.67
2.71
2.66
2.77
2.68
2.67
2.73
2.69
2.71
2.79
2.83
2.96
2.97
3.05
2.91
2.82
2.74
2.62
2.60
2.66
2.54
2.65
3.46
4.81
4.50
2.61
2.29
2.15
2.50
2.69
2.64
2.70
2.69
2.72
2.82
2.73
2.77
2.81
2.83
2.88
2.92
2.95
3.01
3.02
3.11
3.05
3.13
3.12
3.12
3.06
2.98
2.92
2.88
2.79
2.73
2.81
2.78
2.81
2.78
2.77
2.79
2.78
2.84
2.80
2.81
2.88
2.78
2.83
2.77
2.79
2.79
2.78
2.79
2.73
2.74
2.77
2.70
2.79
2.75
2.77
2.74
2.74
2.76
2.78
2.77
2.78
2.78
2.82
2.77
2.84
2.92
2.97
3.14
3.15
3.09
2.97
2.81
2.74
2.78
2.74
2.73
2.65
3.10
4.31
4.98
3.20
2.41
2.12
2.29
2.51
2.66
2.63
2.60
2.67
2.70
2.80
2.71
2.77
2.87
2.82
2.88
2.93
2.92
3.02
3.02
3.06
3.13
3.10
3.17
3.06
3.09
2.97
2.83
2.84
2.81
2.76
2.78
2.73
2.77
2.74
2.71
2.86
2.74
2.80
2.86
2.76
2.86
2.85
2.85
2.83
2.80
2.82
2.73
2.77
2.79
2.72
2.76
2.90
2.84
2.97
3.07
3.06
3.07
2.97
2.84
2.74
2.68
2.74
2.67
2.65
2.86
3.75
4.74
3.78
2.45
2.53
2.01
2.29
2.47
2.50
2.58
2.56
2.51
2.52
2.70
2.64
2.59
2.54
2.52
2.59
2.53
2.56
2.70
2.71
2.78
2.83
2.71
2.71
2.71
2.55
2.55
2.36
2.31
2.37
2.41
2.45
2.44
2.65
2.64
2.62
2.73
2.62
2.71
2.76
2.75
2.81
2.78
2.78
2.78
2.82
2.83
2.83
2.80
2.96
2.91
3.07
3.14
3.13
3.00
2.79
2.79
2.70
2.71
2.73
2.65
2.89
3.84
4.66
4.05
2.64
2.67
2.23
2.42
2.71
2.65
2.69
2.74
2.71
2.83
2.79
2.84
2.91
2.81
2.93
2.88
3.05
3.11
3.03
3.12
3.10
3.14
3.17
3.06
3.13
3.06
2.94
2.89
2.88
2.88
2.91
2.85
2.91
2.85
2.87
2.90
2.83
2.92
2.91
2.95
2.96
2.89
2.92
2.85
2.74
2.88
2.73
2.74
2.77
2.74
2.93
2.89
3.23
3.18
3.19
2.96
2.84
2.85
2.79
2.73
2.72
2.66
2.92
4.12
5.00
3.89
2.25
2.06
2.30
2.62
2.71
2.71
2.74
2.83
2.84
2.97
3.02
2.98
3.05
3.06
3.06
3.05
3.06
3.15
3.07
3.15
3.14
3.18
3.06
3.06
2.98
2.95
2.82
2.84
2.72
2.76
2.86
2.60
2.73
2.79
2.71
2.74
2.71
2.74
2.71
2.73
2.71
2.61
2.66
2.70
2.60
2.59
2.51
2.72
2.64
2.67
2.97
2.88
2.86
2.84
2.67
2.65
2.59
2.60
2.65
2.56
3.17
4.45
5.00
3.05
2.22
1.88
2.26
2.50
2.57
2.57
2.60
2.71
2.62
2.69
2.85
2.73
2.82
2.82
2.89
2.94
2.98
3.06
3.05
3.12
3.19
3.10
3.05
3.02
2.92
2.89
2.76
2.78
2.73
2.71
2.66
2.70
2.77
2.77
2.78
2.82
2.83
2.85
2.83
2.86
2.96
2.88
2.86
2.90
2.83
2.82
2.77
2.82
2.80
2.91
3.04
3.17
3.18
3.10
2.91
2.85
2.78
2.71
2.71
2.61
2.78
3.46
4.88
4.86
2.82
2.50
2.23
2.45
2.77
2.71
2.65
2.83
2.73
2.82
2.74
2.71
2.78
2.77
2.86
2.86
2.93
3.00
2.92
3.03
3.05
3.10
3.07
3.04
3.00
2.96
2.84
2.85
2.78
2.66
2.79
2.70
2.71
2.78
2.74
2.81
2.79
2.87
2.83
2.86
2.86
2.86
2.87
2.84
2.93
2.97
2.95
2.97
3.17
3.15
3.21
3.05
2.94
2.82
2.74
2.84
2.71
2.64
2.86
4.01
5.00
3.94
2.52
2.27
2.29
2.70
2.70
2.74
2.71
2.75
2.78
2.78
2.80
2.87
2.83
2.93
2.92
2.94
3.00
2.96
3.02
3.08
3.05
3.11
3.00
3.01
2.97
2.91
2.86
2.79
2.79
2.79
2.77
2.84
2.83
2.86
2.86
2.84
2.83
2.86
2.87
2.89
2.88
2.88
2.86
2.86
2.88
2.87
2.87
2.98
3.03
3.05
3.21
3.16
3.15
2.93
2.87
2.79
2.76
2.71
2.64
2.69
3.18
4.51
4.97
3.08
2.43
2.07
2.35
2.66
2.62
2.70
2.74
2.71
2.76
2.76
2.76
2.85
2.82
2.92
2.86
2.94
3.02
2.97
3.00
3.05
3.06
3.07
3.02
3.06
2.97
2.83
2.86
2.79
2.78
2.74
2.74
2.78
2.73
2.77
2.80
2.81
2.79
2.84
2.87
2.86
2.82
2.83
2.85
2.77
2.83
2.76
2.77
2.71
2.71
2.78
2.69
2.71
2.75
2.76
2.89
2.93
3.07
3.03
3.02
2.92
2.75
2.70
2.70
2.64
2.65
2.64
3.37
4.61
4.47
2.66
2.38
2.13
2.45
2.71
2.66
2.71
2.70
2.76
2.69
2.78
2.79
2.82
2.84
2.85
2.88
2.91
2.96
3.01
3.01
3.08
3.07
3.03
3.03
2.95
2.90
2.91
2.79
2.76
2.79
2.71
2.74
2.70
2.73
2.73
2.70
2.74
2.71
2.77
2.73
2.77
2.79
2.79
2.74
2.77
2.76
2.79
2.72
2.73
2.72
2.66
2.76
2.70
2.71
2.77
2.70
2.73
2.73
2.74
2.92
2.94
3.07
3.09
3.05
2.89
2.72
2.69
2.66
2.62
2.56
2.61
3.27
4.54
4.56
2.66
2.33
2.10
2.32
2.57
2.62
2.57
2.61
2.62
2.64
2.66
2.71
2.70
2.74
2.73
2.76
2.87
2.86
2.91
2.91
2.98
3.00
2.96
2.95
2.91
2.87
2.77
2.67
2.69
2.71
2.66
2.67
2.64
2.69
2.71
2.67
2.71
2.70
2.78
2.71
2.73
2.81
2.73
2.72
2.73
2.71
2.76
2.71
2.74
2.70
2.73
2.70
2.72
2.71
2.72
2.70
2.74
2.76
2.69
2.82
2.88
2.96
3.05
3.09
3.07
2.92
2.84
2.75
2.67
2.74
2.67
2.71
3.35
4.59
4.81
2.82
2.36
2.16
2.38
2.69
2.65
2.64
2.70
2.68
2.74
2.77
2.79
2.83
2.86
2.88
2.93
2.86
2.98
3.03
3.06
3.11
3.09
3.13
3.09
3.02
2.99
2.86
2.85
2.80
2.74
2.77
2.75
2.71
2.77
2.73
2.77
2.79
2.82
2.86
2.84
2.78
2.83
2.86
2.83
2.78
2.83
2.79
2.74
2.81
2.73
2.78
2.75
2.79
2.79
2.71
2.79
2.81
2.77
2.82
2.78
2.83
2.83
2.76
2.92
2.93
3.03
3.12
3.06
2.98
2.82
2.79
2.74
2.68
2.71
2.73
3.05
4.36
5.00
3.38
2.43
2.18
2.41
2.68
2.67
2.73
2.71
2.77
2.73
2.77
2.81
2.79
2.87
2.86
2.89
2.95
3.00
3.04
3.09
3.10
3.13
3.07
3.12
3.07
2.98
2.94
2.83
2.77
2.76
2.71
2.74
2.75
2.78
2.79
2.77
2.84
2.82
2.84
2.85
2.81
2.87
2.84
2.86
2.87
2.78
2.85
2.81
2.82
2.83
2.78
2.78
2.84
2.76
2.79
2.77
2.75
2.85
2.74
2.80
2.79
2.76
2.88
2.92
3.02
3.19
3.11
3.06
2.85
2.80
2.73
2.70
2.72
2.59
2.81
3.77
4.90
4.21
2.52
2.26
2.23
2.55
2.71
2.68
2.72
2.76
2.69
2.80
2.76
2.83
2.89
2.85
2.93
2.98
2.97
3.09
3.03
3.11
3.12
3.09
3.13
3.11
3.02
2.93
2.88
2.83
2.74
2.78
2.76
2.74
2.78
2.71
2.76
2.77
2.72
2.74
2.73
2.73
2.78
2.71
2.76
2.73
2.74
2.71
2.71
2.70
2.70
2.66
2.71
2.67
2.71
2.74
2.67
2.79
2.73
2.73
2.77
2.71
2.80
2.73
2.71
2.89
2.90
2.98
3.13
3.05
3.04
2.84
2.76
2.71
2.66
2.71
2.57
2.78
3.82
4.91
4.08
2.45
2.21
2.19
2.50
2.60
2.56
2.61
2.67
2.65
2.69
2.72
2.71
2.74
2.76
2.82
2.86
2.86
2.98
3.00
2.97
3.06
2.99
3.06
3.00
2.90
2.84
2.77
2.73
2.67
2.62
2.67
2.65
2.64
2.66
2.65
2.71
2.71
2.71
2.73
2.74
2.78
2.72
2.74
2.76
2.70
2.72
2.71
2.77
2.74
2.71
2.78
2.71
2.74
2.73
2.67
2.72
2.68
2.65
2.66
2.65
2.78
2.88
2.94
3.09
3.00
2.94
2.84
2.65
2.66
2.60
2.59
2.50
2.80
3.83
4.91
3.90
2.43
2.07
2.20
2.49
2.54
2.61
2.62
2.67
2.67
2.69
2.78
2.74
2.79
2.88
2.93
2.95
2.97
3.02
3.03
3.05
3.13
3.09
3.09
3.10
2.98
2.92
2.86
2.78
2.78
2.71
2.74
2.75
2.74
2.77
2.77
2.77
2.79
2.76
2.85
2.80
2.85
2.86
2.84
2.87
2.79
2.84
2.88
2.80
2.82
2.84
2.80
2.84
2.74
2.83
2.79
2.85
2.87
2.83
2.96
3.05
3.15
3.11
3.05
2.97
2.83
2.78
2.77
2.71
2.69
2.71
3.17
4.52
4.88
2.93
2.42
2.08
2.40
2.61
2.57
2.69
2.64
2.67
2.71
2.68
2.80
2.79
2.84
2.85
2.88
2.95
2.96
2.98
3.02
3.07
3.14
3.07
3.09
3.09
2.93
2.95
2.86
2.83
2.81
2.77
2.83
2.79
2.79
2.79
2.83
2.84
2.83
2.86
2.91
2.84
2.91
2.89
2.88
2.90
2.85
2.89
2.87
2.91
2.88
2.91
2.83
2.91
2.94
3.00
3.09
3.18
3.14
3.03
2.93
2.78
2.78
2.81
2.73
2.74
2.94
3.85
4.90
3.93
2.59
2.60
2.20
2.54
2.71
2.76
2.80
2.77
2.84
2.84
2.86
2.90
2.89
2.93
3.00
2.97
3.05
3.07
3.14
3.12
3.15
3.16
3.11
3.13
3.05
3.00
2.97
2.86
2.88
2.92
2.85
2.89
2.82
2.86
2.90
2.86
2.91
2.96
2.90
2.95
2.93
2.92
2.92
2.88
2.93
2.91
2.92
2.90
2.87
2.85
2.84
2.92
2.95
3.01
3.19
3.16
3.12
3.05
2.87
2.78
2.75
2.71
2.75
2.64
3.09
4.19
4.75
2.99
2.50
2.20
2.21
2.52
2.61
2.62
2.65
2.70
2.65
2.73
2.69
2.74
2.77
2.78
2.83
2.88
2.92
3.02
2.99
3.09
3.03
3.02
3.02
2.92
2.89
2.78
2.71
2.74
2.62
2.67
2.65
2.60
2.66
2.61
2.65
2.67
2.64
2.73
2.70
2.73
2.77
2.72
2.81
2.73
2.76
2.74
2.73
2.77
2.80
2.75
2.79
2.71
2.78
2.76
2.71
2.71
2.70
2.73
2.78
2.83
2.88
3.05
3.10
3.02
2.89
2.80
2.71
2.65
2.67
2.61
2.61
3.12
4.31
4.98
3.09
2.48
2.19
2.32
2.64
2.64
2.71
2.70
2.72
2.78
2.74
2.77
2.83
2.83
2.88
2.84
2.92
2.97
3.01
3.05
3.11
3.10
3.13
3.02
3.04
2.93
2.83
2.83
2.73
2.77
2.72
2.73
2.78
2.76
2.77
2.79
2.76
2.84
2.79
2.82
2.84
2.84
2.83
2.83
2.79
2.86
2.79
2.80
2.79
2.83
2.80
2.73
2.81
2.77
2.73
2.81
2.76
2.77
2.76
2.76
2.74
2.73
2.71
2.76
2.73
2.84
2.79
2.91
2.97
2.95
3.13
3.13
3.09
2.97
2.84
2.82
2.78
2.77
2.79
2.85
3.62
4.88
4.59
2.74
2.42
2.24
2.55
2.67
2.77
2.76
2.76
2.86
2.83
2.84
2.86
2.87
2.97
2.96
3.04
3.07
3.09
3.13
3.11
3.14
3.21
3.19
3.19
3.12
3.06
3.00
2.89
2.88
2.83
2.79
2.85
2.76
2.84
2.78
2.82
2.83
2.74
2.83
2.79
2.77
2.86
2.82
2.86
2.83
2.84
2.90
2.83
2.84
2.84
2.80
2.82
2.81
2.83
2.79
2.77
2.83
2.79
2.78
2.81
2.78
2.84
2.83
2.81
2.86
2.83
2.82
2.83
2.83
2.86
2.79
2.83
2.85
2.93
3.02
3.03
3.16
3.15
3.03
2.92
2.86
2.78
2.85
2.78
2.76
3.06
4.23
5.00
3.65
2.50
2.23
2.35
2.64
2.69
2.71
2.71
2.71
2.78
2.72
2.82
2.82
2.74
2.88
2.86
2.93
2.96
2.97
3.06
3.11
3.13
3.19
3.13
3.10
3.01
2.95
2.84
2.73
2.78
2.74
2.70
2.77
2.74
2.74
2.77
2.77
2.77
2.76
2.77
2.78
2.77
2.81
2.79
2.78
2.85
2.74
2.83
2.81
2.83
2.84
2.73
2.82
2.75
2.74
2.79
2.79
2.84
2.81
2.80
2.79
2.80
2.81
2.83
2.78
2.86
2.78
2.76
2.77
2.74
2.76
2.73
2.83
2.90
2.93
3.13
3.03
2.93
2.89
2.77
2.71
2.70
2.71
2.62
2.77
3.70
5.00
4.43
2.61
2.20
2.23
2.55
2.61
2.69
2.70
2.71
2.80
2.77
2.84
2.86
2.86
2.93
2.92
3.01
3.05
3.07
3.18
3.17
3.21
3.24
3.18
3.20
3.07
2.97
2.90
2.81
2.81
2.76
2.73
2.78
2.79
2.78
2.74
2.78
2.81
2.76
2.83
2.83
2.80
2.86
2.78
2.84
2.84
2.78
2.82
2.80
2.83
2.84
2.73
2.80
2.76
2.74
2.77
2.73
2.76
2.74
2.71
2.77
2.71
2.78
2.72
2.75
2.76
2.73
2.78
2.78
2.76
2.80
2.76
2.82
2.83
2.78
2.86
2.88
2.97
3.10
3.02
3.02
2.88
2.79
2.71
2.70
2.69
2.64
2.87
3.90
5.00
4.12
2.46
2.14
2.27
2.53
2.64
2.69
2.67
2.71
2.71
2.79
2.77
2.74
2.84
2.77
2.85
2.88
2.88
2.97
2.99
3.06
3.13
3.07
3.12
3.09
3.00
2.94
2.78
2.77
2.74
2.70
2.70
2.70
2.70
2.74
2.71
2.73
2.65
2.71
2.74
2.71
2.79
2.74
2.73
2.80
2.79
2.76
2.78
2.78
2.79
2.77
2.73
2.74
2.75
2.78
2.72
2.73
2.77
2.72
2.78
2.71
2.76
2.80
2.71
2.79
2.77
2.77
2.80
2.74
2.79
2.73
2.79
2.78
2.70
2.80
2.86
2.88
3.02
3.00
3.00
2.88
2.74
2.71
2.63
2.71
2.69
2.67
3.27
4.55
4.67
2.79
2.35
2.13
2.40
2.56
2.62
2.64
2.71
2.73
2.71
2.78
2.74
2.80
2.85
2.87
2.94
2.92
3.02
3.07
3.09
3.18
3.19
3.21
3.17
3.12
3.10
2.97
2.88
2.83
2.75
2.79
2.73
2.74
2.74
2.70
2.73
2.69
2.67
2.71
2.70
2.73
2.73
2.71
2.73
2.73
2.78
2.78
2.73
2.76
2.74
2.77
2.73
2.71
2.71
2.74
2.71
2.78
2.69
2.74
2.77
2.72
2.77
2.71
2.76
2.75
2.73
2.82
2.72
2.78
2.83
2.76
2.84
2.79
2.79
2.84
2.87
2.97
3.01
3.12
3.07
2.90
2.86
2.77
2.71
2.73
2.65
2.71
3.29
4.54
4.76
2.85
2.43
2.10
2.35
2.64
2.61
2.65
2.72
2.71
2.77
2.77
2.78
2.82
2.84
2.91
2.92
3.00
3.06
3.06
3.18
3.21
3.15
3.25
3.14
3.14
3.07
2.93
2.93
2.81
2.77
2.78
2.73
2.79
2.75
2.83
2.84
2.79
2.84
2.84
2.84
2.86
2.88
2.88
2.84
2.84
2.84
2.82
2.86
2.86
2.86
2.85
2.82
2.82
2.82
2.84
2.84
2.83
2.85
2.84
2.78
2.79
2.77
2.78
2.81
2.74
2.74
2.76
2.74
2.79
2.83
2.86
2.93
3.05
3.04
2.92
2.77
2.72
2.66
2.70
2.65
2.65
2.97
4.09
4.96
3.36
2.49
2.25
2.19
2.53
2.58
2.60
2.63
2.61
2.70
2.73
2.74
2.79
2.74
2.84
2.86
2.84
2.94
2.92
3.00
3.09
3.05
3.10
3.05
3.05
2.96
2.86
2.86
2.71
2.71
2.70
2.67
2.71
2.65
2.68
2.70
2.65
2.77
2.78
2.72
2.82
2.79
2.80
2.79
2.78
2.84
2.82
2.79
2.85
2.80
2.83
2.77
2.82
2.82
2.78
2.80
2.83
2.77
2.84
2.81
2.81
2.84
2.80
2.85
2.84
2.82
2.86
2.89
2.86
2.88
2.96
3.06
3.11
3.20
3.10
3.01
2.92
2.81
2.82
2.78
2.77
2.79
3.25
4.58
5.00
3.07
2.45
2.14
2.41
2.69
2.64
2.70
2.71
2.78
2.73
2.77
2.74
2.78
2.83
2.88
2.88
2.97
3.02
3.04
3.10
3.13
3.15
3.19
3.21
3.13
3.04
2.97
2.88
2.80
2.80
2.73
2.71
2.79
2.74
2.77
2.77
2.72
2.82
2.79
2.83
2.85
2.82
2.85
2.86
2.87
2.83
2.80
2.86
2.84
2.87
2.86
2.79
2.84
2.83
2.86
2.85
2.82
2.88
2.83
2.89
2.86
2.79
2.91
2.79
2.85
2.92
2.82
2.88
2.80
2.83
2.97
2.92
3.05
3.12
3.05
2.99
2.78
2.77
2.71
2.70
2.70
2.71
3.07
4.32
4.93
3.09
2.45
2.17
2.29
2.57
2.65
2.66
2.70
2.74
2.74
2.79
2.80
2.79
2.91
2.88
2.93
2.94
2.96
3.05
3.05
3.12
3.15
3.10
3.18
3.13
3.06
3.03
2.89
2.85
2.77
2.74
2.78
2.71
2.74
2.71
2.73
2.76
2.74
2.76
2.73
2.77
2.82
2.73
2.85
2.74
2.74
2.83
2.76
2.76
2.78
2.74
2.83
2.71
2.77
2.82
2.73
2.78
2.78
2.76
2.85
2.84
2.94
2.98
3.01
3.03
2.84
2.73
2.71
2.65
2.70
2.67
2.71
3.28
4.52
4.71
2.79
2.67
2.27
2.24
2.65
2.71
2.71
2.76
2.78
2.84
2.83
2.83
2.90
2.88
2.94
2.98
2.97
3.07
3.07
3.14
3.18
3.17
3.18
3.15
3.10
3.04
2.92
2.86
2.78
2.77
2.77
2.67
2.72
2.71
2.71
2.73
2.71
2.78
2.76
2.79
2.85
2.78
2.83
2.80
2.84
2.89
2.78
2.82
2.79
2.81
2.83
2.77
2.82
2.91
2.86
2.98
3.03
3.09
3.10
3.02
2.89
2.79
2.76
2.71
2.71
2.70
2.76
3.36
4.55
4.48
2.66
2.61
2.12
2.31
2.56
2.64
2.67
2.70
2.74
2.74
2.81
2.80
2.84
2.88
2.90
2.92
2.97
2.98
3.07
3.09
3.07
3.12
3.06
3.10
3.04
2.91
2.90
2.79
2.79
2.72
2.71
2.74
2.71
2.73
2.76
2.71
2.77
2.78
2.78
2.74
2.74
2.78
2.81
2.78
2.83
2.83
2.81
2.81
2.73
2.81
2.79
2.78
2.81
2.77
2.83
2.82
2.78
2.83
2.84
2.93
2.98
3.14
3.14
3.00
2.98
2.81
2.73
2.77
2.68
2.70
2.74
3.36
4.83
4.98
2.89
2.25
2.13
2.47
2.64
2.62
2.62
2.63
2.68
2.71
2.73
2.78
2.77
2.78
2.87
2.86
2.95
2.96
3.01
3.04
3.05
3.12
3.05
3.06
3.04
2.96
2.92
2.83
2.82
2.78
2.71
2.74
2.71
2.69
2.76
2.70
2.78
2.78
2.78
2.77
2.72
2.79
2.77
2.78
2.80
2.77
2.78
2.74
2.73
2.73
2.73
2.73
2.72
2.70
2.74
2.70
2.71
2.74
2.70
2.73
2.80
2.83
2.93
2.94
3.05
3.06
3.00
2.93
2.76
2.71
2.71
2.66
2.69
2.64
3.04
4.40
5.00
3.48
2.17
2.01
2.33
2.53
2.56
2.55
2.56
2.61
2.61
2.68
2.71
2.74
2.83
2.86
2.86
2.96
2.95
3.02
3.07
3.09
3.11
3.07
3.14
3.02
3.01
2.88
2.77
2.77
2.75
2.72
2.73
2.65
2.76
2.73
2.73
2.73
2.70
2.73
2.74
2.76
2.77
2.75
2.79
2.83
2.78
2.85
2.80
2.80
2.81
2.74
2.78
2.79
2.74
2.80
2.71
2.75
2.73
2.71
2.77
2.74
2.82
2.76
2.74
2.80
2.80
2.89
2.92
3.00
3.07
3.02
2.92
2.79
2.72
2.73
2.73
2.70
2.68
3.19
4.58
5.00
3.09
2.29
2.10
2.42
2.62
2.65
2.67
2.66
2.71
2.71
2.72
2.81
2.77
2.84
2.88
2.86
3.01
3.01
3.03
3.00
3.05
3.09
3.10
3.06
3.05
3.00
2.89
2.83
2.73
2.73
2.68
2.78
2.71
2.71
2.71
2.74
2.76
2.74
2.72
2.78
2.76
2.80
2.83
2.80
2.83
2.81
2.84
2.84
2.79
2.83
2.83
2.78
2.82
2.77
2.76
2.71
2.73
2.77
2.73
2.74
2.75
2.76
2.78
2.77
2.76
2.87
2.88
2.97
3.04
3.02
3.00
2.83
2.79
2.74
2.70
2.73
2.64
2.86
3.73
4.86
3.96
2.50
2.38
2.15
2.38
2.57
2.52
2.61
2.64
2.65
2.70
2.65
2.71
2.76
2.75
2.86
2.87
2.92
2.97
2.95
3.02
3.06
3.07
3.10
3.07
3.04
2.92
2.86
2.82
2.76
2.74
2.71
2.71
2.74
2.72
2.71
2.73
2.73
2.77
2.77
2.77
2.84
2.78
2.87
2.83
2.84
2.88
2.88
2.87
2.84
2.86
2.85
2.86
2.83
2.85
2.80
2.84
2.78
2.82
2.86
2.92
3.00
3.06
3.18
3.09
2.97
2.92
2.81
2.78
2.78
2.70
2.71
2.93
3.77
4.90
3.87
2.59
2.48
2.18
2.48
2.64
2.71
2.70
2.74
2.79
2.76
2.78
2.82
2.74
2.86
2.84
2.91
2.92
2.93
2.99
3.04
3.04
3.07
2.99
3.05
2.93
2.86
2.83
2.71
2.71
2.66
2.66
2.70
2.61
2.67
2.69
2.67
2.69
2.71
2.71
2.72
2.77
2.80
2.71
2.76
2.82
2.72
2.79
2.76
2.71
2.78
2.73
2.74
2.76
2.72
2.74
2.74
2.77
2.79
2.73
2.79
2.74
2.72
2.80
2.77
2.78
2.85
2.93
3.03
3.09
3.07
2.93
2.84
2.73
2.66
2.64
2.62
2.62
2.84
3.87
4.92
3.77
2.43
2.23
2.12
2.45
2.60
2.54
2.60
2.61
2.66
2.71
2.71
2.79
2.75
2.87
2.91
2.88
2.92
2.95
3.02
3.07
3.10
3.14
3.13
3.11
3.02
2.95
2.88
2.84
2.77
2.84
2.74
2.75
2.78
2.76
2.78
2.74
2.78
2.84
2.78
2.84
2.83
2.84
2.85
2.86
2.86
2.86
2.83
2.86
2.82
2.79
2.83
2.79
2.83
2.83
2.85
2.84
2.84
2.84
2.83
2.80
2.86
2.79
2.83
2.86
2.85
2.94
2.98
3.10
3.15
3.11
2.97
2.84
2.84
2.81
2.78
2.77
2.71
3.18
4.43
5.00
3.40
2.44
2.19
2.43
2.67
2.71
2.71
2.78
2.77
2.78
2.83
2.83
2.90
2.94
2.91
2.99
2.99
3.02
3.06
3.11
3.18
3.15
3.18
3.20
3.11
3.04
3.02
2.87
2.87
2.78
2.78
2.84
2.77
2.79
2.77
2.74
2.78
2.77
2.77
2.79
2.77
2.82
2.74
2.79
2.81
2.83
2.82
2.79
2.81
2.85
2.79
2.83
2.78
2.76
2.82
2.74
2.77
2.76
2.74
2.78
2.77
2.78
2.78
2.78
2.92
2.93
3.06
3.11
3.07
3.02
2.90
2.81
2.76
2.71
2.77
2.71
3.02
4.19
5.00
3.43
2.53
2.29
2.27
2.55
2.70
2.66
2.70
2.77
2.73
2.77
2.82
2.81
2.86
2.86
2.88
2.96
2.95
3.04
3.00
3.12
3.13
3.11
3.15
3.08
3.01
2.97
2.85
2.77
2.76
2.67
2.73
2.67
2.68
2.66
2.65
2.67
2.65
2.71
2.70
2.73
2.76
2.70
2.74
2.77
2.77
2.79
2.78
2.78
2.80
2.73
2.76
2.79
2.75
2.78
2.74
2.78
2.76
2.82
2.88
2.92
3.07
3.03
3.05
2.91
2.76
2.74
2.71
2.66
2.68
2.60
3.02
4.17
4.88
3.25
2.60
2.28
2.25
2.52
2.69
2.67
2.71
2.77
2.70
2.80
2.83
2.82
2.88
2.86
2.91
2.96
2.93
3.04
3.05
3.11
3.09
3.07
3.11
3.02
2.94
2.86
2.77
2.76
2.71
2.74
2.71
2.71
2.73
2.71
2.70
2.73
2.74
2.73
2.79
2.74
2.80
2.74
2.82
2.83
2.77
2.83
2.81
2.83
2.84
2.79
2.80
2.71
2.74
2.79
2.68
2.73
2.71
2.69
2.71
2.70
2.72
2.76
2.85
2.93
3.01
3.09
3.05
2.91
2.86
2.74
2.71
2.71
2.71
2.71
3.06
4.32
5.00
3.32
2.47
2.15
2.31
2.67
2.62
2.65
2.66
2.70
2.71
2.71
2.74
2.76
2.77
2.84
2.83
2.86
2.91
2.91
3.02
3.00
3.06
3.07
3.02
3.04
2.97
2.85
2.88
2.71
2.71
2.71
2.64
2.65
2.67
2.67
2.67
2.65
2.66
2.64
2.65
2.65
2.63
2.69
2.69
2.74
2.70
2.70
2.71
2.70
2.66
2.69
2.63
2.67
2.67
2.65
2.68
2.64
2.70
2.66
2.67
2.71
2.71
2.70
2.71
2.71
2.80
2.88
3.00
3.03
2.97
2.91
2.76
2.70
2.71
2.65
2.68
2.61
2.94
4.25
5.00
3.67
2.29
2.02
2.30
2.53
2.56
2.57
2.58
2.64
2.65
2.68
2.71
2.69
2.78
2.76
2.79
2.86
2.86
2.92
2.97
3.01
3.06
3.01
3.03
3.00
2.96
2.91
2.79
2.80
2.79
2.74
2.81
2.66
2.77
2.74
2.71
2.79
2.76
2.78
2.73
2.77
2.83
2.77
2.77
2.78
2.73
2.83
2.77
2.77
2.80
2.70
2.78
2.70
2.73
2.81
2.70
2.76
2.74
2.74
2.78
2.73
2.73
2.79
2.74
2.78
2.80
2.80
2.94
3.07
3.07
3.03
2.92
2.82
2.71
2.76
2.73
2.66
2.72
3.16
4.48
4.99
3.07
2.48
2.15
2.38
2.67
2.61
2.65
2.67
2.70
2.72
2.73
2.78
2.83
2.82
2.86
2.84
2.94
2.92
2.93
2.98
2.97
3.02
3.05
3.02
3.02
2.91
2.87
2.79
2.74
2.73
2.69
2.71
2.77
2.71
2.77
2.71
2.79
2.79
2.74
2.78
2.82
2.78
2.83
2.78
2.88
2.81
2.82
2.86
2.82
2.85
2.81
2.79
2.83
2.85
2.82
2.85
2.85
2.86
2.82
2.84
2.86
2.80
2.92
2.97
3.07
3.19
3.12
3.04
2.96
2.88
2.83
2.78
2.83
2.76
3.11
4.26
5.00
3.36
2.66
2.35
2.32
2.60
2.71
2.70
2.72
2.77
2.77
2.78
2.88
2.83
2.91
2.92
2.91
3.06
2.96
3.05
3.16
3.12
3.18
3.14
3.16
3.09
3.02
2.96
2.84
2.84
2.71
2.76
2.79
2.72
2.76
2.77
2.74
2.77
2.75
2.76
2.82
2.77
2.86
2.83
2.78
2.85
2.76
2.81
2.77
2.71
2.74
2.73
2.71
2.74
2.70
2.71
2.71
2.71
2.77
2.70
2.86
2.85
2.95
3.06
2.98
2.93
2.83
2.71
2.69
2.64
2.66
2.61
2.79
3.79
4.81
3.88
2.47
2.31
2.16
2.42
2.58
2.59
2.59
2.64
2.70
2.71
2.71
2.73
2.80
2.78
2.83
2.88
2.88
2.94
2.99
2.96
3.07
3.01
3.05
3.07
2.92
2.91
2.81
2.77
2.73
2.69
2.71
2.76
2.74
2.77
2.71
2.78
2.77
2.77
2.80
2.71
2.81
2.85
2.84
2.90
2.83
2.91
2.90
2.86
2.86
2.83
2.86
2.86
2.80
2.84
2.82
2.83
2.84
2.82
2.85
2.87
2.84
2.85
2.84
2.91
2.89
2.96
3.13
3.16
3.15
3.11
2.92
2.88
2.82
2.83
2.79
2.76
3.05
4.17
5.00
4.14
2.48
2.23
2.41
2.68
2.74
2.71
2.81
2.77
2.77
2.81
2.83
2.90
2.86
2.93
2.96
2.97
3.02
3.05
3.11
3.15
3.13
3.13
3.17
3.05
3.05
2.93
2.84
2.81
2.73
2.73
2.78
2.71
2.76
2.71
2.79
2.78
2.74
2.82
2.79
2.77
2.78
2.78
2.84
2.82
2.85
2.88
2.82
2.84
2.83
2.79
2.80
2.78
2.84
2.77
2.77
2.82
2.72
2.78
2.78
2.74
2.80
2.71
2.73
2.82
2.87
2.97
3.02
3.06
2.93
2.77
2.72
2.67
2.71
2.70
2.62
2.97
4.21
5.00
3.75
2.30
2.10
2.31
2.60
2.67
2.64
2.68
2.64
2.62
2.71
2.67
2.74
2.71
2.79
2.86
2.84
2.92
2.98
2.97
3.01
3.00
3.05
3.09
3.00
2.97
2.86
2.82
2.78
2.70
2.70
2.70
2.64
2.71
2.65
2.70
2.71
2.70
2.76
2.71
2.71
2.71
2.68
2.71
2.76
2.70
2.77
2.70
2.76
2.77
2.72
2.75
2.71
2.73
2.72
2.73
2.77
2.71
2.71
2.73
2.71
2.74
2.71
2.74
2.81
2.84
3.02
3.04
3.10
3.05
2.82
2.85
2.74
2.74
2.74
2.65
2.96
3.97
4.96
3.74
2.57
2.38
2.20
2.52
2.66
2.62
2.70
2.67
2.69
2.74
2.72
2.74
2.78
2.74
2.83
2.84
2.89
2.97
2.96
3.00
3.03
3.05
3.11
3.02
2.94
2.86
2.76
2.78
2.70
2.67
2.70
2.63
2.69
2.67
2.70
2.71
2.66
2.76
2.74
2.74
2.77
2.78
2.84
2.84
2.78
2.78
2.73
2.78
2.73
2.77
2.78
2.74
2.77
2.77
2.78
2.78
2.78
2.80
2.92
2.88
3.02
3.07
3.05
2.96
2.83
2.81
2.77
2.77
2.74
2.71
3.02
4.08
4.94
3.49
2.58
2.44
2.24
2.51
2.69
2.64
2.76
2.71
2.78
2.83
2.83
2.85
2.92
2.86
2.99
2.96
2.99
3.09
3.05
3.15
3.15
3.13
3.09
3.01
2.96
2.88
2.77
2.78
2.67
2.67
2.71
2.67
2.70
2.64
2.68
2.71
2.70
2.74
2.74
2.74
2.77
2.77
2.83
2.76
2.74
2.76
2.73
2.71
2.75
2.70
2.77
2.73
2.76
2.74
2.71
2.78
2.68
2.72
2.73
2.77
2.91
2.91
3.00
2.99
2.90
2.79
2.70
2.65
2.64
2.62
2.62
2.71
3.61
4.83
4.22
2.50
2.25
2.11
2.47
2.60
2.56
2.61
2.56
2.68
2.62
2.69
2.71
2.70
2.71
2.76
2.81
2.80
2.86
2.96
2.94
2.94
3.01
2.91
2.93
2.84
2.76
2.72
2.57
2.62
2.59
2.57
2.56
2.58
2.60
2.61
2.57
2.59
2.58
2.60
2.60
2.58
2.62
2.65
2.65
2.67
2.65
2.67
2.69
2.68
2.71
2.66
2.71
2.73
2.71
2.74
2.71
2.70
2.71
2.71
2.78
2.76
2.84
2.92
2.95
3.06
3.07
2.98
2.90
2.72
2.69
2.64
2.66
2.66
2.59
3.13
4.46
5.00
3.14
2.26
2.08
2.38
2.56
2.62
2.58
2.65
2.70
2.68
2.72
2.73
2.73
2.79
2.79
2.83
2.86
2.94
3.01
3.02
3.02
3.11
3.07
3.09
3.01
2.95
2.88
2.77
2.78
2.74
2.71
2.77
2.73
2.74
2.77
2.74
2.82
2.77
2.79
2.84
2.80
2.84
2.83
2.85
2.81
2.80
2.82
2.77
2.76
2.77
2.72
2.73
2.73
2.72
2.74
2.71
2.79
2.72
2.76
2.82
2.74
2.88
2.81
2.83
2.81
2.85
2.94
2.97
3.11
3.15
3.04
2.94
2.82
2.71
2.72
2.71
2.68
2.74
3.45
4.86
4.76
2.83
2.27
2.14
2.50
2.66
2.65
2.74
2.71
2.71
2.77
2.77
2.83
2.81
2.86
2.88
2.89
2.95
2.95
3.05
3.07
3.07
3.13
3.09
3.13
3.04
2.94
2.91
2.83
2.77
2.73
2.68
2.70
2.70
2.67
2.71
2.65
2.78
2.74
2.70
2.79
2.73
2.77
2.77
2.71
2.79
2.73
2.72
2.78
2.74
2.78
2.70
2.76
2.77
2.71
2.76
2.71
2.72
2.71
2.71
2.73
2.74
2.76
2.77
2.71
2.79
2.74
2.83
2.95
2.93
3.09
3.02
2.96
2.90
2.74
2.72
2.70
2.65
2.68
2.76
3.60
4.81
4.22
2.53
2.41
2.18
2.44
2.57
2.64
2.67
2.67
2.73
2.71
2.78
2.81
2.81
2.88
2.84
2.92
2.97
2.97
3.08
3.07
3.13
3.16
3.11
3.12
3.05
2.95
2.91
2.83
2.82
2.76
2.75
2.81
2.72
2.83
2.78
2.76
2.83
2.78
2.78
2.80
2.77
2.79
2.83
2.82
2.83
2.78
2.82
2.85
2.76
2.81
2.74
2.73
2.83
2.82
2.82
2.77
2.79
2.76
2.74
2.78
2.73
2.76
2.83
2.85
2.92
3.04
3.05
3.03
2.82
2.76
2.67
2.62
2.65
2.60
2.64
3.15
4.37
4.77
2.78
2.64
2.20
2.23
2.59
2.54
2.65
2.61
2.65
2.74
2.71
2.74
2.78
2.79
2.87
2.87
2.93
2.97
3.02
3.09
3.08
3.09
3.13
3.07
3.07
2.98
2.88
2.87
2.81
2.77
2.81
2.71
2.82
2.78
2.78
2.81
2.77
2.83
2.82
2.83
2.88
2.86
2.89
2.86
2.84
2.86
2.84
2.88
2.84
2.84
2.86
2.87
2.86
2.86
2.87
2.86
2.84
2.85
2.87
2.88
2.86
2.85
2.87
2.89
2.82
2.91
2.94
2.97
3.11
3.13
3.16
3.13
2.97
2.93
2.80
2.85
2.82
2.74
2.84
3.44
4.75
4.96
2.95
2.55
2.27
2.57
2.74
2.76
2.80
2.82
2.78
2.81
2.84
2.89
2.88
2.89
2.98
2.91
3.02
3.04
3.05
3.11
3.13
3.17
3.14
3.11
3.11
2.95
2.90
2.91
2.82
2.76
2.74
2.78
2.78
2.76
2.77
2.74
2.81
2.86
2.81
2.84
2.82
2.83
2.89
2.79
2.84
2.82
2.78
2.86
2.82
2.83
2.86
2.77
2.85
2.83
2.81
2.85
2.78
2.80
2.77
2.77
2.78
2.78
2.79
2.83
2.84
2.85
2.79
2.92
3.01
3.09
3.15
3.10
3.02
2.86
2.86
2.84
2.74
2.77
2.73
2.99
4.18
5.00
3.80
2.50
2.15
2.36
2.64
2.70
2.71
2.67
2.70
2.72
2.69
2.78
2.77
2.82
2.86
2.86
2.98
2.93
2.98
3.02
3.09
3.13
3.08
3.13
3.05
3.00
2.97
2.88
2.83
2.80
2.80
2.78
2.77
2.77
2.81
2.80
2.83
2.82
2.82
2.89
2.85
2.86
2.89
2.84
2.88
2.82
2.82
2.80
2.77
2.84
2.79
2.77
2.79
2.75
2.81
2.71
2.78
2.80
2.77
2.78
2.78
2.78
2.86
2.82
2.89
3.00
3.05
3.12
2.98
2.92
2.82
2.77
2.73
2.69
2.70
2.76
3.42
4.66
4.62
2.73
2.55
2.17
2.43
2.65
2.66
2.70
2.70
2.75
2.75
2.74
2.79
2.80
2.80
2.86
2.88
2.91
2.94
3.03
3.06
3.05
3.09
3.04
3.00
2.94
2.84
2.86
2.78
2.74
2.73
2.67
2.71
2.72
2.71
2.71
2.66
2.73
2.70
2.67
2.76
2.68
2.77
2.77
2.77
2.80
2.86
2.77
2.81
2.84
2.85
2.79
2.83
2.84
2.72
2.79
2.79
2.79
2.78
2.79
2.86
2.92
3.04
3.09
3.01
2.90
2.82
2.72
2.71
2.70
2.72
2.73
3.23
4.42
4.95
3.08
2.78
2.28
2.33
2.59
2.71
2.74
2.72
2.79
2.78
2.82
2.90
2.88
2.93
2.93
2.98
3.07
3.06
3.12
3.21
3.23
3.20
3.18
3.18
3.07
2.96
2.94
2.83
2.79
2.80
2.72
2.77
2.71
2.67
2.72
2.71
2.74
2.76
2.74
2.86
2.79
2.86
2.82
2.74
2.83
2.74
2.74
2.75
2.77
2.74
2.74
2.71
2.77
2.70
2.77
2.74
2.77
2.79
2.71
2.73
2.73
2.69
2.77
2.86
3.00
3.03
2.99
2.91
2.77
2.71
2.70
2.61
2.70
2.62
2.92
4.13
5.00
3.55
2.38
2.12
2.25
2.43
2.60
2.61
2.59
2.69
2.65
2.71
2.70
2.74
2.80
2.79
2.82
2.88
2.89
3.00
3.00
3.04
3.08
3.08
3.09
3.00
2.98
2.88
2.74
2.74
2.68
2.67
2.71
2.69
2.67
2.69
2.65
2.67
2.66
2.71
2.76
2.71
2.78
2.71
2.77
2.77
2.73
2.78
2.74
2.77
2.77
2.72
2.74
2.74
2.74
2.73
2.71
2.71
2.71
2.71
2.75
2.71
2.74
2.77
2.71
2.86
2.94
3.04
3.09
3.02
2.95
2.74
2.73
2.71
2.64
2.66
2.74
3.35
4.79
4.93
2.89
2.25
2.03
2.45
2.59
2.61
2.64
2.64
2.68
2.67
2.70
2.70
2.71
2.76
2.74
2.81
2.84
2.83
2.90
2.94
2.93
3.00
2.97
3.02
2.90
2.80
2.77
2.67
2.70
2.67
2.64
2.71
2.67
2.70
2.71
2.66
2.71
2.66
2.72
2.71
2.73
2.79
2.78
2.78
2.79
2.79
2.81
2.81
2.77
2.79
2.77
2.79
2.75
2.74
2.78
2.77
2.77
2.77
2.74
2.81
2.74
2.81
2.83
2.73
2.83
2.75
2.85
2.99
3.00
3.09
3.04
2.88
2.83
2.73
2.70
2.71
2.64
2.82
3.61
4.78
4.30
2.50
2.47
2.14
2.44
2.62
2.64
2.66
2.70
2.71
2.76
2.73
2.83
2.79
2.83
2.94
2.92
2.98
3.03
3.07
3.16
3.16
3.18
3.15
3.16
3.12
2.96
2.96
2.87
2.82
2.79
2.79
2.83
2.83
2.79
2.82
2.78
2.86
2.84
2.86
2.93
2.90
2.89
2.94
2.96
2.98
2.92
3.01
2.94
2.92
2.93
2.95
2.89
2.92
2.88
2.90
2.94
2.89
2.94
2.91
3.02
3.16
3.13
3.19
3.06
2.88
2.91
2.79
2.76
2.78
2.73
3.06
3.99
4.94
3.49
2.58
2.53
2.18
2.53
2.73
2.68
2.76
2.78
2.80
2.79
2.80
2.80
2.89
2.86
2.86
2.90
2.93
2.96
3.00
3.06
3.06
3.11
3.11
3.03
3.00
2.90
2.81
2.75
2.76
2.79
2.71
2.73
2.77
2.71
2.80
2.71
2.74
2.77
2.77
2.84
2.79
2.79
2.86
2.76
2.82
2.78
2.78
2.79
2.74
2.76
2.78
2.82
2.77
2.73
2.78
2.77
2.74
2.75
2.70
2.73
2.82
2.71
2.74
2.78
2.79
2.88
2.94
3.03
3.05
2.93
2.80
2.74
2.70
2.74
2.69
2.69
2.89
4.05
5.00
4.02
2.45
2.15
2.23
2.54
2.56
2.64
2.60
2.67
2.69
2.64
2.71
2.74
2.66
2.73
2.77
2.84
2.86
2.88
2.97
2.94
3.05
3.03
3.00
2.98
2.91
2.91
2.77
2.71
2.67
2.67
2.65
2.67
2.60
2.65
2.71
2.65
2.71
2.64
2.69
2.70
2.70
2.74
2.70
2.78
2.74
2.74
2.74
2.74
2.77
2.74
2.76
2.75
2.70
2.73
2.71
2.70
2.71
2.67
2.69
2.70
2.67
2.72
2.69
2.71
2.76
2.74
2.71
2.79
2.82
2.97
3.02
3.00
2.90
2.78
2.75
2.66
2.67
2.70
2.60
2.86
3.76
5.00
4.38
2.50
2.09
2.19
2.53
2.65
2.57
2.71
2.70
2.66
2.79
2.77
2.78
2.79
2.84
2.84
2.87
2.96
2.96
2.99
3.05
3.03
3.07
3.10
3.03
3.01
2.87
2.78
2.77
2.66
2.74
2.66
2.70
2.78
2.69
2.71
2.73
2.74
2.76
2.71
2.74
2.76
2.71
2.73
2.74
2.73
2.74
2.71
2.71
2.70
2.70
2.74
2.73
2.72
2.77
2.77
2.78
2.70
2.73
2.71
2.71
2.73
2.70
2.71
2.71
2.72
2.77
2.78
2.74
2.84
2.89
3.01
3.03
3.05
2.94
2.77
2.83
2.73
2.73
2.74
2.70
3.18
4.36
5.00
3.10
2.52
2.24
2.32
2.56
2.71
2.66
2.67
2.70
2.73
2.79
2.77
2.83
2.86
2.89
2.94
2.93
3.00
3.07
3.09
3.17
3.12
3.14
3.21
3.14
3.07
3.02
2.88
2.86
2.78
2.77
2.80
2.78
2.78
2.74
2.79
2.77
2.79
2.84
2.85
2.84
2.88
2.83
2.86
2.84
2.86
2.91
2.88
2.89
2.88
2.83
2.86
2.75
2.85
2.83
2.82
2.88
2.84
2.86
2.86
2.86
2.97
3.05
3.11
3.13
3.01
2.89
2.82
2.78
2.86
2.73
2.71
2.93
4.00
4.93
3.63
2.58
2.52
2.18
2.54
2.67
2.66
2.67
2.66
2.79
2.74
2.79
2.83
2.80
2.90
2.91
2.94
3.02
3.00
3.07
3.09
3.10
3.13
3.07
3.08
2.99
2.90
2.88
2.77
2.74
2.79
2.72
2.78
2.71
2.76
2.75
2.71
2.78
2.74
2.76
2.80
2.82
2.85
2.83
2.83
2.84
2.77
2.81
2.77
2.73
2.80
2.77
2.77
2.74
2.71
2.74
2.72
2.71
2.69
2.70
2.84
2.83
2.96
3.03
3.00
2.89
2.78
2.72
2.70
2.67
2.70
2.65
2.80
3.75
4.81
4.11
2.56
2.39
2.15
2.43
2.61
2.60
2.57
2.65
2.64
2.65
2.70
2.69
2.76
2.72
2.78
2.82
2.84
2.93
2.98
3.00
3.06
3.04
3.05
3.05
2.92
2.91
2.79
2.77
2.71
2.70
2.73
2.68
2.67
2.67
2.65
2.68
2.67
2.71
2.73
2.71
2.73
2.76
2.77
2.78
2.77
2.86
2.82
2.81
2.78
2.79
2.82
2.79
2.73
2.78
2.82
2.79
2.77
2.73
2.74
2.73
2.78
2.79
2.80
2.88
2.97
3.07
3.11
2.96
2.88
2.78
2.71
2.73
2.69
2.66
2.76
3.50
4.95
4.70
2.68
2.17
2.09
2.50
2.57
2.59
2.62
2.60
2.67
2.65
2.64
2.76
2.71
2.78
2.78
2.82
2.91
2.92
2.97
3.03
3.00
3.09
2.99
3.04
2.91
2.77
2.78
2.71
2.66
2.66
2.63
2.65
2.67
2.64
2.70
2.64
2.73
2.69
2.71
2.81
2.70
2.78
2.79
2.77
2.79
2.74
2.82
2.77
2.73
2.79
2.72
2.73
2.74
2.73
2.74
2.74
2.74
2.77
2.71
2.74
2.69
2.71
2.84
2.94
3.02
3.05
3.02
2.92
2.78
2.72
2.75
2.72
2.71
2.71
3.21
4.50
5.00
3.20
2.38
2.13
2.43
2.65
2.66
2.67
2.67
2.74
2.72
2.77
2.78
2.79
2.83
2.88
2.96
2.96
3.00
3.10
3.10
3.18
3.18
3.17
3.19
3.08
3.00
2.94
2.86
2.84
2.74
2.76
2.84
2.74
2.74
2.71
2.74
2.77
2.71
2.74
2.78
2.78
2.83
2.81
2.81
2.83
2.78
2.84
2.81
2.79
2.74
2.77
2.78
2.76
2.77
2.78
2.82
2.76
2.73
2.79
2.86
2.78
2.85
2.95
3.01
3.14
3.07
3.03
2.90
2.77
2.78
2.74
2.77
2.73
2.99
4.02
4.89
3.63
2.56
2.45
2.25
2.52
2.70
2.70
2.69
2.78
2.80
2.80
2.85
2.84
2.86
2.89
2.97
3.00
2.97
3.04
3.11
3.07
3.13
3.13
3.14
3.08
2.99
2.96
2.88
2.79
2.77
2.73
2.76
2.74
2.74
2.77
2.70
2.77
2.79
2.81
2.83
2.79
2.85
2.83
2.79
