3.52
3.55
3.49
3.37
3.36
3.19
3.11
3.21
3.11
2.87
2.77
4.59
5.0
5.0
3.52
2.25
2.44
2.93
2.74
2.81
2.83
2.76
2.91
2.83
2.91
2.97
2.86
2.96
2.89
2.88
2.93
2.82
2.93
2.94
3.01
3.13
3.12
3.23
3.31
3.24
3.34
3.28
3.33
3.29
3.27
3.32
3.16
3.24
3.19
3.15
3.23
3.16
3.15
3.23
3.11
3.17
3.12
3.09
3.21
3.12
3.3
3.5
3.38
3.46
3.15
3.15
3.05
2.94
3.07
2.77
2.55
3.25
5.0
5.0
4.35
2.36
2.12
2.5
2.71
2.6
2.6
2.71
2.61
2.71
2.71
2.71
2.81
2.7
2.73
2.78
2.56
2.67
2.61
2.7
2.71
2.74
2.99
3.0
3.06
3.11
3.12
3.28
3.2
3.17
3.26
3.13
3.23
3.16
3.15
3.19
3.09
3.19
3.16
3.09
3.19
3.08
3.18
3.16
3.07
3.29
3.47
3.46
3.46
3.25
3.25
3.03
3.06
3.16
2.81
2.67
3.42
5.0
5.0
4.35
2.53
2.16
2.61
2.82
2.69
2.79
2.79
2.77
2.89
2.83
2.93
2.96
2.9
3.02
2.88
2.91
2.86
2.85
2.94
2.92
3.06
3.19
3.13
3.26
3.3
3.21
3.35
3.26
3.29
3.3
3.23
3.34
3.25
3.3
3.29
3.25
3.36
3.24
3.32
3.3
3.18
3.25
3.35
3.47
3.54
3.4
3.5
3.26
3.09
3.19
3.12
3.0
2.66
3.05
5.0
5.0
5.0
3.19
2.11
2.72
2.84
2.79
2.88
2.74
2.86
2.83
2.83
2.87
2.78
2.91
2.83
2.78
2.85
2.73
2.83
2.84
2.78
3.02
3.09
3.19
3.2
3.21
3.37
3.25
3.31
3.33
3.24
3.31
3.3
3.24
3.31
3.21
3.33
3.31
3.27
3.34
3.25
3.35
3.46
3.51
3.54
3.35
3.24
3.11
2.99
3.06
2.86
2.5
2.93
5.0
5.0
5.0
2.7
2.03
2.47
2.69
2.56
2.55
2.68
2.57
2.74
2.71
2.69
2.79
2.67
2.78
2.67
2.61
2.71
2.61
2.73
2.79
2.78
2.97
3.03
3.12
3.18
3.11
3.24
3.16
3.17
3.26
3.13
3.24
3.18
3.17
3.2
3.06
3.2
3.15
3.12
3.21
3.15
3.34
3.49
3.32
3.42
3.19
3.09
3.03
2.96
3.03
2.54
2.58
4.81
5.0
5.0
3.3
1.98
2.45
2.67
2.66
2.68
2.66
2.82
2.71
2.83
2.88
2.77
2.91
2.81
2.83
2.83
2.73
2.8
2.77
2.84
2.95
2.92
3.12
3.17
3.18
3.27
3.18
3.32
3.21
3.18
3.3
3.17
3.26
3.24
3.16
3.28
3.19
3.2
3.21
3.21
3.26
3.18
3.21
3.31
3.49
3.61
3.49
3.37
3.4
3.1
3.23
3.14
3.04
2.76
2.93
5.0
5.0
5.0
3.3
2.07
2.7
2.92
2.74
2.87
2.78
2.86
2.89
2.82
2.92
2.85
2.85
2.91
2.79
2.86
2.76
2.79
2.85
2.81
2.97
3.02
3.07
3.21
3.11
3.26
3.19
3.16
3.21
3.14
3.22
3.19
3.11
3.23
3.06
3.13
3.12
3.09
3.15
3.05
3.06
3.12
3.05
3.09
3.02
3.04
3.11
2.97
3.18
3.34
3.28
3.32
3.19
3.12
2.96
2.88
3.02
2.71
2.47
3.26
5.0
5.0
4.16
2.27
2.07
2.44
2.71
2.62
2.71
2.83
2.7
2.85
2.85
2.83
2.93
2.85
2.92
2.86
2.86
2.95
2.93
3.0
3.06
2.99
3.17
3.15
3.28
3.34
3.3
3.38
3.29
3.43
3.33
3.25
3.37
3.3
3.29
3.37
3.35
3.33
3.38
3.3
3.41
3.29
3.29
3.32
3.23
3.38
3.21
3.31
3.25
3.24
3.37
3.23
3.34
3.61
3.49
3.52
3.37
3.29
3.23
3.12
3.24
2.97
2.63
3.55
5.0
5.0
4.81
2.54
2.2
2.65
2.88
2.82
2.77
2.9
2.84
2.88
2.93
2.84
2.93
2.88
2.89
2.9
2.74
2.85
2.78
2.82
2.92
2.91
3.01
3.05
3.1
3.2
3.15
3.26
3.18
3.1
3.25
3.16
3.11
3.2
3.15
3.25
3.16
3.23
3.3
3.16
3.23
3.16
3.15
3.23
3.1
3.12
3.11
3.06
3.21
3.13
3.17
3.14
3.09
3.16
3.12
3.13
3.16
3.06
3.37
3.38
3.27
3.4
3.21
3.11
3.06
3.04
3.07
2.67
2.73
4.64
5.0
5.0
3.26
2.15
2.41
2.77
2.79
2.71
2.77
2.77
2.7
2.83
2.77
2.85
2.92
2.81
2.84
2.77
2.74
2.84
2.81
2.98
2.96
3.02
3.22
3.05
3.24
3.24
3.2
3.33
3.19
3.26
3.29
3.15
3.24
3.13
3.17
3.24
3.17
3.19
3.19
3.16
3.21
3.13
3.19
3.1
3.12
3.19
3.11
3.17
3.14
3.13
3.22
3.09
3.21
3.19
3.12
3.27
3.15
3.23
3.33
3.47
3.53
3.4
3.34
3.26
3.11
3.24
3.15
2.89
2.94
4.4
5.0
5.0
3.53
2.5
2.44
2.97
2.93
2.88
2.95
2.95
2.98
2.96
2.93
3.02
2.94
3.02
3.07
2.97
3.11
3.01
3.05
3.13
3.03
3.18
3.23
3.22
3.35
3.29
3.33
3.32
3.23
3.39
3.19
3.32
3.32
3.24
3.4
3.24
3.37
3.46
3.35
3.46
3.38
3.36
3.49
3.3
3.38
3.31
3.3
3.42
3.25
3.36
3.36
3.34
3.59
3.49
3.54
3.38
3.25
3.29
3.14
3.15
3.01
2.74
3.56
5.0
5.0
3.3
2.91
2.34
2.53
3.01
3.0
3.01
3.09
3.08
3.09
3.2
3.12
3.2
3.23
3.21
3.27
3.21
3.24
3.28
3.2
3.36
3.24
3.33
3.32
3.3
3.4
3.34
3.37
3.42
3.35
3.46
3.33
3.35
3.37
3.31
3.47
3.42
3.36
3.49
3.35
3.36
3.37
3.2
3.3
3.21
3.19
3.16
3.01
3.16
3.05
2.9
3.02
3.04
3.21
3.1
3.13
3.15
2.96
3.03
3.02
2.89
2.84
2.96
4.84
5.0
4.34
3.03
2.32
2.38
2.93
2.79
3.0
2.93
2.99
3.07
2.93
3.09
3.03
3.04
3.1
3.05
3.07
3.09
3.05
3.13
3.06
3.14
3.19
3.13
3.3
3.21
3.31
3.33
3.25
3.35
3.26
3.32
3.33
3.24
3.34
3.33
3.26
3.43
3.42
3.47
3.27
3.21
3.32
3.16
3.24
3.21
3.09
3.16
3.14
3.15
3.31
3.37
3.4
3.27
3.26
3.11
2.97
3.02
2.93
2.84
2.65
3.42
5.0
5.0
4.65
2.1
1.97
2.67
2.68
2.67
2.8
2.67
2.8
2.77
2.71
2.91
2.73
2.86
2.86
2.7
2.83
2.73
2.79
2.86
2.83
3.0
3.01
3.02
3.19
3.1
3.19
3.17
3.2
3.3
3.13
3.29
3.19
3.14
3.24
3.18
3.24
3.27
3.18
3.32
3.2
3.24
3.25
3.17
3.3
3.16
3.19
3.24
3.17
3.36
3.56
3.51
3.6
3.49
3.46
3.23
3.17
3.25
3.11
2.9
2.83
4.88
5.0
5.0
3.54
2.03
2.53
2.97
2.84
2.91
2.97
2.88
3.07
3.03
2.9
3.04
2.92
3.0
2.93
2.86
2.99
2.8
2.92
2.91
3.0
3.15
3.06
3.19
3.24
3.2
3.35
3.2
3.25
3.27
3.17
3.29
3.2
3.21
3.25
3.12
3.25
3.31
3.11
3.26
3.13
3.23
3.19
3.14
3.24
3.11
3.24
3.18
3.17
3.44
3.34
3.47
3.44
3.28
3.25
3.02
3.0
3.07
2.88
2.65
3.14
5.0
5.0
4.87
2.46
2.03
2.58
2.87
2.69
2.81
2.73
2.74
2.87
2.74
2.84
2.88
2.87
2.97
2.76
2.84
2.89
2.79
2.92
2.92
2.97
3.12
3.11
3.3
3.15
3.29
3.36
3.23
3.29
3.26
3.21
3.32
3.17
3.24
3.29
3.25
3.29
3.19
3.29
3.25
3.15
3.29
3.14
3.15
3.23
3.07
3.23
